0.64983585 0.35016415
0.8429843 0.1570157
0.62551095 0.37448905
0.61976625 0.38023375
0.5025209 0.4974791
0.579228 0.420772
0.7199359 0.2800641
0.61466405 0.38533595
0.51978995 0.48021005
0.5471449 0.4528551
0.089484925 0.9105147
0.59160885 0.40839115
0.20357535 0.79642465
0.15395905 0.84604095
0.7653781 0.2346219
0.6054417 0.3945583
0.1937297 0.8062703
0.898908 0.101092475
0.96456215 0.035438025
0.91366795 0.086332345
0.1136763 0.8863237
0.94660895 0.053390745
0.20016055 0.79983945
0.785346 0.214654
0.9058221 0.09417809
0.49089615 0.50910385
0.891224 0.108776
0.8172696 0.1827304
0.9357727 0.064227205
0.102808185 0.8971921
0.7682123 0.2317877
0.50240465 0.49759535
0.81631755 0.18368245
0.5129345 0.4870655
0.080613405 0.9193866
0.094307445 0.90569245
0.72675905 0.27324095
0.64123 0.35877
0.8534411 0.1465589
0.054544795 0.9454555
0.87354065 0.12645935
0.4767619 0.5232381
0.844337 0.155663
0.7907353 0.2092647
0.23717415 0.76282585
0.56806825 0.43193175
0.724564 0.275436
0.1994287 0.8005713
0.38139525 0.61860475
0.7594763 0.2405237
0.68827515 0.31172485
0.74825515 0.25174485
0.76647765 0.23352235
0.5788336 0.4211664
0.077380705 0.922619
0.078064735 0.92193555
0.091583315 0.9084163
0.55068405 0.44931595
0.14874275 0.85125725
0.72236095 0.27763905
0.20294035 0.79705965
0.87247065 0.12752935
0.09111301 0.9088866
0.1376339 0.8623661
0.8938055 0.1061945
0.7060321 0.2939679
0.5964115 0.4035885
0.8563281 0.1436719
0.41634755 0.58365245
0.470807 0.529193
0.49037015 0.50962985
0.90265395 0.09734644
0.81018035 0.18981965
0.60839165 0.39160835
0.5303238 0.4696762
0.6564298 0.3435702
0.11451165 0.88548835
0.2954883 0.7045117
0.94929435 0.05070535
0.58521805 0.41478195
0.22979065 0.77020935
0.06619825 0.93380165
0.8085064 0.1914936
0.863536 0.136464
0.80062865 0.19937135
0.2106748 0.7893252
0.74417305 0.25582693
0.033192885 0.96680675
0.72584845 0.27415155
0.601918 0.398082
0.7297699 0.2702301
0.5939899 0.4060101
0.6132151 0.3867849
0.6835345 0.3164655
0.145256 0.854744
0.077683105 0.9223171
0.46952895 0.53047105
0.7748929 0.2251071
0.11911185 0.88088815
0.09206734 0.90793255
0.5647397 0.4352603
0.9704852 0.029514605
0.6987838 0.3012162
0.8298614 0.1701386
0.19817715 0.80182285
0.5008503 0.4991497
0.2397976 0.7602024
0.7954759 0.2045241
0.1036333 0.8963667
0.53435125 0.46564875
0.64053165 0.35946835
0.073806185 0.9261939
0.5230911 0.4769089
0.6526378 0.3473622
0.79018005 0.20981995
0.85199375 0.14800625
0.2413168 0.7586832
0.3116581 0.6883419
0.1195962 0.8804038
0.7762131 0.2237869
0.759507 0.240493
0.61753305 0.38246695
0.28893395 0.71106605
0.9739042 0.026095785
0.07257538 0.9274246
0.8650997 0.1349003
0.3740309 0.6259691
0.20489605 0.79510395
0.63295915 0.36704085
0.13577095 0.86422905
0.76116745 0.23883255
0.19066865 0.80933135
0.62394095 0.37605905
0.8023603 0.1976397
0.912206 0.08779399
0.5690271 0.4309729
0.2371909 0.7628091
0.8737183 0.1262817
0.09276578 0.90723405
0.55050755 0.44949245
0.65043955 0.34956045
0.69094295 0.30905705
0.2081408 0.7918592
0.55719255 0.44280745
0.7629608 0.2370392
0.77320465 0.22679535
0.83730485 0.16269515
0.1127667 0.8872333
0.95733905 0.042661255
0.86255375 0.13744625
0.062798835 0.93720105
0.2832726 0.7167274
0.9547114 0.045288525
0.95565665 0.04434314
0.8861994 0.1138006
0.8353575 0.1646425
0.7799219 0.2200781
0.07555175 0.92444785
0.146473 0.853527
0.064771655 0.93522805
0.55704435 0.44295565
0.9457389 0.05426111
0.8743935 0.1256065
0.83227655 0.16772345
0.8287248 0.1712752
0.83992285 0.16007715
0.34106 0.65894
0.3151381 0.6848619
0.52086125 0.47913875
0.72353575 0.27646425
0.17381305 0.82618695
0.8469327 0.153067315
0.6316222 0.3683778
0.57645385 0.42354615
0.56993555 0.43006445
0.044187645 0.95581215
0.7471315 0.2528685
0.0238245 0.9761756
0.9644155 0.03558421
0.2489346 0.7510654
0.78386635 0.21613365
0.74741745 0.25258255
0.4366033 0.5633967
0.75571525 0.24428475
0.4277988 0.5722012
0.14341315 0.85658685
0.89450165 0.10549835
0.44043025 0.55956975
0.54784665 0.45215335
0.8703715 0.1296285
0.82503085 0.17496915
0.84544585 0.15455415
0.5545185 0.4454815
0.78166205 0.21833795
0.83520565 0.16479435
0.82190135 0.17809865
0.92547475 0.074525155
0.45309945 0.54690055
0.1273176 0.8726824
0.81027145 0.18972855
0.044495535 0.95550455
0.9169963 0.083003495
0.53433905 0.46566095
0.7600597 0.2399403
0.5204952 0.4795048
0.6905346 0.3094654
0.87372735 0.12627265
0.57463815 0.42536185
0.44359605 0.55640395
0.12360002 0.8764
0.792869 0.207131
0.1260587 0.8739413
0.75244035 0.24755965
0.89002655 0.10997345
0.08393174 0.91606835
0.69639905 0.30360095
0.5515762 0.4484238
0.30713745 0.69286255
0.80370535 0.19629465
0.7377834 0.2622166
0.13194285 0.86805715
0.7755581 0.2244419
0.8564189 0.1435811
0.857913 0.142087
0.9541316 0.045868695
0.04198618 0.9580139
0.8438164 0.1561836
0.88232035 0.11767965
0.7388518 0.2611482
0.7436982 0.2563018
0.84087895 0.15912105
0.4475306 0.5524694
0.8511992 0.1488008
0.89266135 0.10733865
0.16809415 0.83190585
0.96020175 0.039797975
0.92949525 0.070505225
0.12636125 0.87363875
0.8626633 0.1373367
0.8053871 0.1946129
0.2902909 0.7097091
0.19781465 0.80218535
0.8540946 0.1459054
0.9377933 0.0622069
0.5849485 0.4150515
0.06000923 0.93999075
0.18972845 0.81027155
0.01842146 0.98157805
0.882025 0.117975
0.9741733 0.025826785
0.101827905 0.8981721
0.3967844 0.6032156
0.79042425 0.20957575
0.73525395 0.26474605
0.9517533 0.048247105
0.2329532 0.7670468
0.89533815 0.10466185
0.30664365 0.69335635
0.98455655 0.015442995
0.34896825 0.65103175
0.0428263 0.9571735
0.7551301 0.2448699
0.11909375 0.88090625
0.4053455 0.5946545
0.98562435 0.014376145
0.054946875 0.94505305
0.54348265 0.45651735
0.7853385 0.2146615
0.09392203 0.90607845
0.83499765 0.16500235
0.01831351 0.9816865
0.227815 0.772185
0.88127435 0.11872565
0.3393161 0.6606839
0.93486605 0.065133655
0.9176184 0.082381505
0.9788914 0.02110881
0.74979595 0.25020405
0.037974185 0.9620263
0.59597815 0.40402185
0.13427405 0.86572595
0.1595748 0.8404252
0.1370215 0.8629785
0.17315015 0.82684985
0.10867375 0.89132625
0.2614059 0.7385941
0.11031275 0.88968725
0.03900979 0.9609906
0.08823617 0.9117641
0.17453605 0.82546395
0.1489076 0.8510924
0.16002965 0.83997035
0.095662795 0.9043373
0.34395115 0.65604885
0.077254 0.922746
0.088832845 0.91116725
0.1107735 0.8892265
0.1649655 0.8350345
0.036080795 0.9639191
0.18867865 0.81132135
0.1281684 0.8718316
0.1333492 0.8666508
0.11735 0.88265
0.09336572 0.90663435
0.12310475 0.87689525
0.23131275 0.76868725
0.1497588 0.8502412
0.1112343 0.8887657
0.1884515 0.8115485
0.21372265 0.78627735
0.1356963 0.8643037
0.28735955 0.71264045
0.05491941 0.9450802
0.17786615 0.82213385
0.080275505 0.9197248
0.12863925 0.87136075
0.090575045 0.90942465
0.4650347 0.5349653
0.20321955 0.79678045
0.041237805 0.9587623
0.1293751 0.8706249
0.09361714 0.90638265
0.1262861 0.8737139
0.1522291 0.8477709
0.073860425 0.9261393
0.1441455 0.8558545
0.1297309 0.8702691
0.13376645 0.86623355
0.1267278 0.8732722
0.66039665 0.33960335
0.202079 0.797921
0.06943989 0.9305603
0.13925575 0.86074425
0.099509865 0.90048985
0.09409392 0.9059057
0.16444225 0.83555775
0.0845005 0.9154993
0.1081666 0.8918334
0.16266885 0.83733115
0.11700195 0.88299805
0.1858854 0.8141146
0.1411236 0.8588764
0.64801325 0.35198675
0.1562365 0.8437635
0.073002345 0.92699785
0.21879875 0.78120125
0.232742 0.767258
0.043559465 0.95644005
0.05306208 0.9469384
0.14561185 0.85438815
0.1530369 0.8469631
0.05800439 0.94199525
0.60300825 0.39699175
0.2818709 0.7181291
0.29321635 0.70678365
0.10151025 0.89848975
0.10102805 0.89897195
0.3083564 0.6916436
0.138217 0.861783
0.2490804 0.7509196
0.058024295 0.9419757
0.2050313 0.7949687
0.09734633 0.9026532
0.4463587 0.5536413
0.09361356 0.90638625
0.07244958 0.9275508
0.08261835 0.91738165
0.1048401 0.8951599
0.8978426 0.10215738
0.19419245 0.80580755
0.21923685 0.78076315
0.06903748 0.930963
0.4342281 0.5657719
0.15297595 0.84702405
0.22646645 0.77353355
0.10099993 0.89900045
0.065670525 0.9343291
0.1101855 0.8898145
0.13354205 0.86645795
0.2663327 0.7336673
0.18351235 0.81648765
0.23920855 0.76079145
0.10460045 0.89539955
0.19493375 0.80506625
0.28403725 0.71596275
0.1270668 0.8729332
0.1080504 0.8919496
0.20411185 0.79588815
0.105566615 0.8944334
0.029407355 0.97059265
0.84534175 0.15465825
0.1409157 0.8590843
0.2787355 0.7212645
0.1482834 0.8517166
0.24754625 0.75245375
0.8933896 0.10661039
0.1360861 0.8639139
0.0790067 0.9209935
0.11618775 0.88381225
0.1074885 0.8925115
0.124575555 0.87542445
0.13063705 0.86936295
0.077840735 0.92215955
0.1534962 0.8465038
0.081094365 0.9189061
0.15497905 0.84502095
0.20998115 0.79001885
0.09609078 0.9039096
0.07563227 0.92436765
0.06240242 0.93759805
0.10218355 0.89781645
0.1522661 0.8477339
0.17691 0.82309
0.12156115 0.87843885
0.1034692 0.8965308
0.19665955 0.80334045
0.18992105 0.81007895
0.10684205 0.89315795
0.10018715 0.89981285
0.12073285 0.87926715
0.045559285 0.95444035
0.10223935 0.89776065
0.06975156 0.93024875
0.1584245 0.8415755
0.17503885 0.82496115
0.15752965 0.84247035
0.12020335 0.87979665
0.10118232 0.8988173
0.031516825 0.968483
0.1983825 0.8016175
0.28779985 0.71220015
0.069206905 0.9307929
0.05796231 0.94203815
0.099060315 0.9009394
0.21680935 0.78319065
0.06505887 0.93494085
0.06323175 0.93676805
0.1032293 0.8967707
0.06358354 0.936416
0.15610215 0.84389785
0.29237445 0.70762555
0.17845445 0.82154555
0.1152314 0.8847686
0.9303006 0.069699495
0.058853695 0.9411467
0.6391509 0.3608491
0.17965995 0.82034005
0.056947425 0.94305295
0.6109392 0.3890608
0.91723225 0.08276794
0.26740715 0.73259285
0.046241505 0.9537584
0.062635195 0.9373651
0.13081115 0.86918885
0.1226328 0.8773672
0.092956455 0.90704345
0.17529135 0.82470865
0.090322405 0.9096775
0.2143218 0.7856782
0.212844 0.787156
0.1142665 0.8857335
0.14634405 0.85365595
0.08253885 0.91746105
0.093928705 0.9060712
0.1818757 0.8181243
0.1086484 0.8913516
0.2078343 0.7921657
0.7587326 0.2412674
0.1013853 0.8986147
0.14901485 0.85098515
0.02955509 0.9704454
0.084611705 0.9153882
0.08167482 0.9183248
0.15303205 0.84696795
0.18614225 0.81385775
0.07860721 0.9213928
0.04480843 0.9551914
0.10482345 0.89517655
0.08052152 0.9194786
0.08381636 0.91618345
0.107752645 0.89224735
0.1149695 0.8850305
0.19387345 0.80612655
0.02176647 0.97823345
0.08075069 0.9192495
0.15067635 0.84932365
0.081128235 0.91887205
0.6880555 0.3119445
0.09556737 0.90443245
0.073035545 0.92696475
0.14724565 0.85275435
0.058618735 0.94138115
0.1014261 0.8985739
0.086442315 0.9135574
0.06689752 0.9331021
0.09110675 0.90889315
0.068543155 0.93145695
0.1536349 0.8463651
0.2239492 0.7760508
0.05834501 0.9416551
0.071460805 0.92853955
0.03128558 0.96871395
0.06826385 0.93173585
0.1289013 0.8710987
0.13919545 0.86080455
0.1268252 0.8731748
0.08781107 0.91218855
0.079709585 0.9202908
0.20938765 0.79061235
0.055968 0.9440323
0.13675365 0.86324635
0.23420435 0.76579565
0.24535115 0.75464885
0.08477001 0.9152297
0.13411395 0.86588605
0.1940143 0.8059857
0.1840581 0.8159419
0.1170938 0.8829062
0.9457709 0.0542292
0.16096135 0.83903865
0.15287225 0.84712775
0.035007515 0.96499265
0.15300775 0.84699225
0.043192405 0.9568073
0.157219 0.842781
0.58936965 0.41063035
0.09973201 0.9002678
0.14803685 0.85196315
0.12302395 0.87697605
0.090705045 0.90929505
0.037317305 0.96268315
0.094183985 0.9058163
0.17504075 0.82495925
0.83680725 0.16319275
0.4337185 0.5662815
0.0771049 0.9228952
0.17003685 0.82996315
0.1784367 0.8215633
0.06887118 0.93112855
0.1459961 0.8540039
0.14752975 0.85247025
0.1611842 0.8388158
0.2391156 0.7608844
0.1446266 0.8553734
0.099696425 0.9003031
0.06590003 0.93410025
0.1735381 0.8264619
0.044773315 0.9552267
0.1085036 0.8914964
0.0895396 0.9104604
0.023672175 0.9763279
0.2530015 0.7469985
0.19396985 0.80603015
0.04056312 0.95943715
0.04212724 0.95787275
0.15752605 0.84247395
0.2607652 0.7392348
0.4954351 0.5045649
0.11718335 0.88281665
0.074475695 0.9255245
0.079940835 0.92005925
0.2726911 0.7273089
0.05890294 0.9410968
0.1661021 0.8338979
0.074132315 0.9258674
0.07002949 0.9299706
0.18481405 0.81518595
0.087925785 0.9120745
0.18915495 0.81084505
0.05117551 0.9488245
0.1743535 0.8256465
0.058441695 0.9415583
0.092122755 0.90787755
0.1091318 0.8908682
0.13093135 0.86906865
0.054782605 0.9452172
0.532914 0.467086
0.03421084 0.96578935
0.2636948 0.7363052
0.1330203 0.8669797
0.05478637 0.94521335
0.070809485 0.9291909
0.1483485 0.8516515
0.1035023 0.8964977
0.09121234 0.90878745
0.21364045 0.78635955
0.06589446 0.93410535
0.64718505 0.35281495
0.185061 0.814939
0.114065575 0.88593445
0.43197835 0.56802165
0.1471063 0.8528937
0.02774329 0.9722569
0.3840774 0.6159226
0.075239375 0.92476015
0.06621448 0.9337859
0.12129295 0.87870705
0.2855823 0.7144177
0.1309802 0.8690198
0.13003845 0.86996155
0.1218401 0.8781599
0.031629365 0.96837035
0.89492015 0.10507985
0.36485065 0.63514935
0.11964345 0.88035655
0.1352555 0.8647445
0.0970125 0.9029875
0.1274644 0.8725356
0.11227563 0.88772435
0.17380245 0.82619755
0.23482815 0.76517185
0.120909165 0.87909085
0.03409431 0.9659052
0.2899377 0.7100623
0.32480805 0.67519195
0.06704415 0.93295625
0.08406526 0.91593455
0.11980905 0.88019095
0.1306313 0.8693687
0.10326928 0.8967307
0.02831656 0.9716839
0.1977893 0.8022107
0.73279425 0.26720575
0.1542475 0.8457525
0.10046257 0.89953745
0.2499647 0.7500353
0.13552275 0.86447725
0.038679445 0.9613201
0.080858015 0.9191416
0.12809955 0.87190045
0.18818765 0.81181235
0.06850398 0.931496
0.072880835 0.927119
0.1030568 0.8969432
0.21359265 0.78640735
0.16366366 0.83633635
0.2022521 0.7977479
0.09375137 0.906249
0.1418798 0.8581202
0.07263798 0.9273625
0.065104485 0.9348958
0.08965936 0.91034065
0.08986245 0.91013745
0.066325585 0.9336745
0.19195795 0.80804205
0.22113685 0.77886315
0.086566715 0.9134328
0.07458671 0.9254135
0.089965935 0.91003445
0.036769875 0.96323015
0.20669555 0.79330445
0.11201514 0.88798485
0.080558255 0.91944135
0.2404321 0.7595679
0.10321977 0.89678025
0.1214591 0.8785409
0.14794974 0.85205025
0.1501595 0.8498405
0.10387135 0.89612865
0.1831701 0.8168299
0.1120564 0.8879436
0.15251705 0.84748295
0.15818145 0.84181855
0.081653435 0.91834695
0.1324277 0.8675723
0.65777145 0.34222855
0.06606356 0.9339368
0.12444151 0.8755585
0.10546715 0.89453285
0.23744495 0.76255505
0.10045594 0.89954405
0.8869472 0.11305282
0.1034058 0.8965942
0.1693104 0.8306896
0.13874325 0.86125675
0.06784443 0.93215595
0.10747627 0.89252375
0.071381995 0.9286184
0.1827047 0.8172953
0.04249454 0.95750535
0.1687081 0.8312919
0.3472215 0.6527785
0.078986435 0.92101385
0.1291267 0.8708733
0.10184296 0.89815705
0.16084415 0.83915585
0.1664429 0.8335571
0.11683935 0.88316065
0.1395358 0.8604642
0.05129871 0.9487013
0.20007395 0.79992605
0.42214875 0.57785125
0.087988375 0.91201115
0.071080715 0.92891965
0.4185543 0.5814457
0.68580475 0.31419525
0.09079737 0.9092029
0.1515716 0.8484284
0.1541725 0.8458275
0.12236894 0.87763105
0.16869925 0.83130075
0.18463885 0.81536115
0.11366355 0.88633645
0.1360024 0.8639976
0.18945075 0.81054925
0.33650265 0.66349735
0.076558325 0.9234413
0.09879013 0.9012094
0.1225124 0.8774876
0.030015455 0.96998415
0.07025915 0.92974065
0.1110236 0.8889764
0.12529115 0.87470885
0.14374775 0.85625225
0.09896054 0.90103965
0.36721855 0.63278145
0.04797195 0.95202815
0.1284673 0.8715327
0.088903755 0.91109615
0.11049905 0.88950095
0.12615175 0.87384825
0.10188805 0.89811195
0.10519425 0.89480575
0.08398484 0.91601525
0.10378565 0.89621435
0.057120525 0.9428792
0.12192695 0.87807305
0.19191755 0.80808245
0.14770055 0.85229945
0.18942635 0.81057365
0.4128712 0.5871288
0.1315894 0.8684106
0.15167335 0.84832665
0.1076686 0.8923314
0.06544693 0.93455305
0.11525035 0.88474965
0.06038778 0.9396125
0.093460395 0.9065397
0.38506915 0.61493085
0.3535316 0.6464684
0.16280465 0.83719535
0.18950865 0.81049135
0.1541821 0.8458179
0.1827857 0.8172143
0.079716855 0.92028305
0.5826487 0.4173513
0.1171959 0.8828041
0.14161385 0.85838615
0.07927238 0.9207277
0.2043354 0.7956646
0.2060011 0.7939989
0.1824967 0.8175033
0.0982942 0.9017058
0.11095576 0.88904425
0.12876075 0.87123925
0.14719155 0.85280845
0.18209005 0.81790995
0.164793 0.835207
0.7070048 0.2929952
0.14482945 0.85517055
0.047575025 0.95242515
0.05916748 0.9408325
0.038691785 0.9613081
0.22998385 0.77001615
0.11331415 0.88668585
0.14501775 0.85498225
0.1395799 0.8604201
0.11984955 0.88015045
0.05039857 0.94960145
0.25251755 0.74748245
0.3787386 0.6212614
0.111714 0.888286
0.12489875 0.87510125
0.5755775 0.4244225
0.08508641 0.9149134
0.058368285 0.9416321
0.1230799 0.8769201
0.092411345 0.90758885
0.08971701 0.91028345
0.21448475 0.78551525
0.21445585 0.78554415
0.071749395 0.9282507
0.23459175 0.76540825
0.1253907 0.8746093
0.1767157 0.8232843
0.083815835 0.9161838
0.18299525 0.81700475
0.1834363 0.8165637
0.09953511 0.9004647
0.0676941 0.9323063
0.06465992 0.9353397
0.06908456 0.93091565
0.068808825 0.93119125
0.1073779 0.8926221
0.072974485 0.9270253
0.05911366 0.94088645
0.089063255 0.91093695
0.1437613 0.8562387
0.08207121 0.9179285
0.04536709 0.9546328
0.14162695 0.85837305
0.1509963 0.8490037
0.17319975 0.82680025
0.061842335 0.93815815
0.1113232 0.8886768
0.19783835 0.80216165
0.11101507 0.88898495
0.16137 0.83863
0.1658624 0.8341376
0.1392736 0.8607264
0.2070373 0.7929627
0.1438211 0.8561789
0.11831795 0.88168205
0.07623679 0.9237636
0.042066545 0.95793335
0.1435717 0.8564283
0.14624875 0.85375125
0.054986665 0.94501305
0.10262225 0.89737775
0.27569705 0.72430295
0.1220925 0.8779075
0.05450904 0.9454906
0.3042365 0.6957635
0.1948212 0.8051788
0.1213798 0.8786202
0.059666315 0.9403337
0.2123561 0.7876439
0.211075 0.788925
0.2096076 0.7903924
0.13649495 0.86350505
0.064812915 0.93518725
0.11199685 0.88800315
0.10600615 0.89399385
0.10022416 0.89977565
0.16398385 0.83601615
0.2051135 0.7948865
0.23739235 0.76260765
0.11054875 0.88945125
0.25821225 0.74178775
0.071550235 0.92845015
0.46579775 0.53420225
0.3023978 0.6976022
0.8567531 0.1432469
0.097324985 0.90267485
0.03945471 0.9605455
0.06095697 0.93904295
0.07560683 0.9243928
0.1241355 0.8758645
0.1598546 0.8401454
0.1922045 0.8077955
0.1145673 0.8854327
0.6461839 0.3538161
0.0880078 0.911992
0.1490848 0.8509152
0.099965095 0.9000349
0.1581675 0.8418325
0.1139859 0.8860141
0.18500385 0.81499615
0.05974153 0.94025855
0.06363461 0.93636565
0.2087067 0.7912933
0.07219395 0.92780625
0.38098035 0.61901965
0.08046694 0.91953345
0.1743576 0.8256424
0.10115966 0.89884015
0.096248295 0.9037519
0.1230754 0.8769246
0.13322535 0.86677465
0.09565341 0.90434695
0.2793076 0.7206924
0.07654764 0.92345285
0.14318495 0.85681505
0.32978825 0.67021175
0.8692928 0.1307072
0.04133958 0.9586609
0.08866258 0.91133725
0.1330532 0.8669468
0.12214335 0.87785665
0.04938927 0.9506111
0.16757215 0.83242785
0.04335419 0.9566457
0.48660365 0.51339635
0.020786695 0.97921285
0.073927155 0.92607265
0.09532355 0.90467625
0.1674027 0.8325973
0.36015375 0.63984625
0.7591369 0.2408631
0.12607025 0.87392975
0.22242055 0.77757945
0.055102065 0.9448984
0.060244305 0.9397559
0.075886005 0.9241138
0.1557296 0.8442704
0.086546045 0.91345395
0.01433122 0.98566925
0.1413079 0.8586921
0.2105551 0.7894449
0.10121875 0.89878125
0.39088195 0.60911805
0.3430503 0.6569497
0.07575147 0.9242489
0.074604435 0.9253952
0.068736175 0.93126365
0.7324523 0.2675477
0.04436027 0.95563955
0.9065292 0.093470705
0.09091703 0.90908335
0.046624825 0.95337525
0.1413572 0.8586428
0.35167845 0.64832155
0.039706475 0.96029305
0.22402925 0.77597075
0.1057246 0.8942754
0.13879755 0.86120245
0.043411675 0.95658835
0.09357918 0.90642065
0.21319235 0.78680765
0.096613735 0.90338605
0.11547455 0.88452545
0.1815941 0.8184059
0.1883233 0.8116767
0.0652765 0.934724
0.19311025 0.80688975
0.031465175 0.968535
0.19847085 0.80152915
0.131618445 0.86838155
0.1522105 0.8477895
0.6522951 0.3477049
0.1389207 0.8610793
0.074070275 0.9259297
0.06243146 0.93756885
0.1490244 0.8509756
0.10559095 0.89440905
0.21839685 0.78160315
0.06772104 0.93227885
0.085072605 0.9149275
0.18743665 0.81256335
0.07359356 0.92640625
0.09938503 0.90061535
0.093408625 0.9065909
0.3289967 0.6710033
0.094257595 0.9057425
0.1619121 0.8380879
0.082670715 0.9173294
0.06997133 0.93002885
0.59824435 0.40175565
0.27725945 0.72274055
0.1401532 0.8598468
0.1476347 0.8523653
0.085353395 0.9146467
0.05058278 0.9494173
0.07366948 0.9263307
0.1241172 0.8758828
0.11923595 0.88076405
0.03523739 0.96476215
0.07097173 0.92902875
0.089456125 0.91054405
0.10222798 0.897772
0.1705168 0.8294832
0.9362306 0.0637697
0.062280795 0.9377189
0.14421605 0.85578395
0.16874225 0.83125775
0.056343505 0.9436566
0.19973115 0.80026885
0.0345058 0.9654946
0.88323765 0.11676235
0.2494966 0.7505034
0.2114445 0.7885555
0.11493485 0.88506515
0.04447432 0.9555256
0.145021 0.854979
0.82647145 0.17352855
0.8758576 0.1241424
0.050681915 0.9493182
0.092397905 0.907602
0.17240365 0.82759635
0.063053675 0.9369467
0.046391535 0.95360865
0.041121885 0.9588781
0.077485635 0.92251455
0.12140321 0.8785968
0.04565477 0.95434515
0.1056728 0.8943272
0.20887455 0.79112545
0.05298966 0.9470107
0.05391417 0.9460863
0.26294965 0.73705035
0.12742524 0.87257475
0.32868065 0.67131935
0.093879105 0.9061208
0.040242185 0.9597582
0.086231105 0.9137684
0.16213855 0.83786145
0.070271545 0.92972885
0.070787285 0.9292131
0.039256285 0.9607438
0.1068367 0.8931633
0.9065952 0.093404815
0.1558585 0.8441415
0.092789735 0.90721055
0.2092654 0.7907346
0.1672677 0.8327323
0.08764843 0.91235205
0.07170393 0.928296
0.07520171 0.92479865
0.83874765 0.16125235
0.22151785 0.77848215
0.11637348 0.8836265
0.63587305 0.36412695
0.042529565 0.95747025
0.067077915 0.93292235
0.05773103 0.94226925
0.1484862 0.8515138
0.08192772 0.9180719
