0.62742195 0.37257805
0.81820845 0.18179155
0.6271983 0.3728017
0.65191735 0.34808265
0.59561545 0.40438447
0.5887907 0.4112093
0.75876465 0.24123541
0.6026621 0.3973379
0.5135493 0.4864507
0.5502263 0.4497737
0.0963361 0.90366365
0.60239535 0.39760465
0.2286106 0.7713894
0.15458735 0.84541265
0.80228945 0.19771057
0.67472525 0.32527471
0.1840579 0.8159421
0.8986224 0.101377985
0.96915175 0.03084831
0.88625085 0.113749365
0.10781795 0.89218215
0.9394948 0.0605049
0.17793885 0.82206115
0.7644036 0.2355964
0.9096469 0.09035322
0.5025875 0.4974125
0.90706445 0.092935605
0.81512795 0.18487203
0.917029 0.082970935
0.120488395 0.8795118
0.7605528 0.2394472
0.416121225 0.5838788
0.79440745 0.20559255
0.48623675 0.51376325
0.09770871 0.9022913
0.101492615 0.8985073
0.7476979 0.2523021
0.6352497 0.3647503
0.87882355 0.121176534
0.061264435 0.9387358
0.8081165 0.1918835
0.53094455 0.46905545
0.83890825 0.16109175
0.81999635 0.18000361
0.22519375 0.77480625
0.57195995 0.42804005
0.73525135 0.26474865
0.18598335 0.81401665
0.3672721 0.6327279
0.7722766 0.2277234
0.7207531 0.2792469
0.7419578 0.2580422
0.76619495 0.23380505
0.55141675 0.44858325
0.08012572 0.919874
0.079598415 0.92040185
0.10668923 0.8933105
0.5416886 0.4583114
0.1597607 0.8402393
0.71162085 0.28837915
0.18923095 0.81076905
0.87166305 0.12833696
0.08848143 0.91151825
0.13769665 0.86230335
0.9030298 0.096970225
0.71612325 0.28387675
0.614153 0.385847
0.8711257 0.12887422
0.38660355 0.61339645
0.418778 0.581222
0.49259855 0.50740145
0.91474695 0.08525324
0.8361068 0.16389312
0.60495525 0.39504475
0.55131515 0.44868485
0.6747136 0.3252864
0.1129549 0.8870451
0.2804751 0.7195249
0.93845015 0.061549525
0.6257895 0.3742105
0.2430258 0.7569742
0.08268289 0.91731705
0.82667285 0.17332711
0.85721905 0.14278095
0.830196 0.1698041
0.19910115 0.80089885
0.7037599 0.29624006
0.04253529 0.9574644
0.78217185 0.217828145
0.62606155 0.37393845
0.767131 0.23286906
0.5818007 0.4181993
0.6187816 0.3812184
0.7111542 0.2888458
0.12800428 0.87199575
0.08819696 0.9118032
0.49160695 0.50839305
0.7689464 0.2310536
0.114714665 0.88528535
0.09041958 0.90958035
0.5704567 0.4295433
0.9619348 0.03806496
0.7029365 0.2970635
0.8303522 0.1696478
0.17542552 0.8245745
0.5425452 0.4574548
0.27757335 0.72242665
0.8192987 0.18070126
0.09892332 0.90107675
0.5192943 0.4807057
0.690565 0.309435
0.097784495 0.90221555
0.56561075 0.43438925
0.6312466 0.3687534
0.7726089 0.2273911
0.8519731 0.14802696
0.22575835 0.77424165
0.2830374 0.7169626
0.11769529 0.88230475
0.79835645 0.20164355
0.73562335 0.26437665
0.6439836 0.3560164
0.28702755 0.71297245
0.9771824 0.022817561
0.07839756 0.9216023
0.85388275 0.14611725
0.34868035 0.65131965
0.19155755 0.80844245
0.7019947 0.2980052
0.1386981 0.8613019
0.7187662 0.2812338
0.1754682 0.8245318
0.5822371 0.4177629
0.8278578 0.1721422
0.90681335 0.09318665
0.55060795 0.44939205
0.2272431 0.7727569
0.84679335 0.15320665
0.10814416 0.89185575
0.63299005 0.36700995
0.6231926 0.3768074
0.7432352 0.25676472
0.2043208 0.7956792
0.54725645 0.45274355
0.7539854 0.2460146
0.7934873 0.2065127
0.8052532 0.1947468
0.108045905 0.89195415
0.9512279 0.048772415
0.87087885 0.12912121
0.05961979 0.9403802
0.2849154 0.7150846
0.95109075 0.048909285
0.9578846 0.042115255
0.8510932 0.1489068
0.8483746 0.1516254
0.78608445 0.21391563
0.080968615 0.919031
0.1521049 0.8478951
0.06776583 0.93223385
0.55289175 0.44710825
0.9459258 0.05407424
0.89085365 0.10914641
0.83663015 0.16336985
0.85104295 0.14895703
0.8544904 0.14550954
0.3442748 0.6557252
0.36127655 0.63872345
0.5024393 0.4975607
0.769623 0.230377
0.16588407 0.83411595
0.86672065 0.13327936
0.57651795 0.42348205
0.6230622 0.3769378
0.5666012 0.4333988
0.04014262 0.95985725
0.77820415 0.22179585
0.02899694 0.97100315
0.9698451 0.030154659
0.27714155 0.72285845
0.80807205 0.19192803
0.7762939 0.22370616
0.45606395 0.54393605
0.7476515 0.2523485
0.396041 0.603959
0.13931075 0.86068925
0.91232175 0.08767816
0.45896625 0.54103375
0.50762985 0.49237015
0.88001205 0.11998791
0.8440139 0.15598616
0.8566991 0.143300925
0.61318965 0.38681035
0.8084586 0.1915414
0.84922005 0.15078001
0.8586758 0.141324215
0.9371588 0.062841085
0.50377025 0.49622975
0.12550821 0.87449175
0.8027884 0.1972116
0.04136832 0.9586317
0.9190328 0.08096694
0.56232905 0.43767095
0.80013395 0.19986613
0.52234035 0.47765965
0.6592344 0.3407656
0.8763809 0.1236191
0.6211195 0.3788805
0.4250691 0.5749309
0.13606574 0.8639343
0.80996295 0.19003705
0.124788 0.875212
0.7894024 0.21059768
0.8739522 0.1260478
0.088150655 0.9118494
0.6995364 0.3004636
0.52522545 0.47477455
0.39849655 0.60150345
0.8357785 0.16422155
0.75515505 0.24484495
0.124918445 0.87508155
0.79918 0.20082
0.8478028 0.1521972
0.8557706 0.1442294
0.95678185 0.04321834
0.061772235 0.9382278
0.84732735 0.15267265
0.893186 0.10681398
0.78459695 0.21540297
0.7756582 0.22434174
0.85944155 0.14055845
0.40880835 0.59119165
0.8703255 0.1296745
0.8940421 0.10595792
0.18606465 0.81393535
0.95636755 0.043632335
0.9332538 0.066746615
0.13026935 0.86973065
0.8244242 0.1755758
0.7938325 0.2061675
0.3090084 0.6909916
0.1915243 0.8084757
0.8819423 0.118057735
0.947212 0.05278805
0.6199249 0.3800751
0.06214982 0.9378501
0.2754657 0.7245343
0.030531205 0.96946835
0.8868661 0.113133925
0.9558184 0.044181625
0.10656231 0.8934377
0.40444255 0.59555745
0.7837419 0.2162581
0.74556205 0.25443795
0.9476585 0.05234173
0.22798925 0.77201075
0.8670496 0.1329504
0.3177013 0.6822987
0.98599615 0.014003513
0.3575031 0.6424969
0.04972805 0.9502717
0.74770915 0.25229085
0.14249093 0.85750905
0.4223214 0.5776786
0.98537425 0.014626153
0.06069032 0.93930965
0.57662395 0.42337605
0.81469295 0.18530705
0.097340335 0.90266
0.8382881 0.1617119
0.02831588 0.97168415
0.2269564 0.7730436
0.86242235 0.13757765
0.38253625 0.61746375
0.9090309 0.090968885
0.9031815 0.096818515
0.97502605 0.024974056
0.79440645 0.20559357
0.04523529 0.95476515
0.5928062 0.4071938
0.135421525 0.86457845
0.1498128 0.8501872
0.1438358 0.8561642
0.1520264 0.8479736
0.104469045 0.895531
0.22079196 0.7792081
0.10512691 0.8948731
0.06069585 0.93930445
0.08871418 0.91128605
0.15246383 0.84753625
0.15471705 0.84528295
0.15391145 0.84608855
0.103935865 0.8960642
0.44435105 0.55564895
0.097028985 0.902971
0.09277074 0.90722935
0.10662983 0.89337025
0.15405555 0.84594445
0.048520845 0.95147915
0.21481625 0.78518375
0.123103155 0.87689685
0.1368062 0.8631938
0.1224252 0.8775748
0.092974825 0.90702515
0.13841379 0.8615862
0.2023192 0.7976808
0.142298025 0.85770195
0.1249326 0.8750674
0.1815301 0.8184699
0.20275565 0.79724435
0.126127565 0.87387245
0.2672076 0.7327924
0.063039095 0.93696055
0.2123741 0.7876259
0.082143535 0.9178568
0.1453411 0.8546589
0.102008365 0.8979914
0.46527995 0.53472005
0.2235127 0.7764873
0.04734038 0.95265965
0.1280302 0.8719698
0.1073283 0.89267155
0.1512852 0.8487148
0.16381755 0.83618245
0.077234975 0.92276475
0.14571836 0.8542817
0.134991555 0.86500845
0.135055825 0.8649442
0.12453275 0.87546725
0.6834632 0.3165368
0.20328625 0.79671375
0.07769995 0.9223002
0.13566765 0.86433235
0.098233975 0.90176575
0.09970994 0.9002898
0.18044425 0.81955575
0.11068653 0.8893133
0.1064295 0.8935705
0.15859655 0.84140345
0.1166203 0.8833797
0.19090665 0.80909335
0.13878615 0.86121385
0.63532655 0.36467345
0.28536725 0.71463275
0.072099735 0.9279004
0.19817721 0.80182285
0.22411155 0.77588845
0.054937085 0.94506255
0.071041555 0.9289588
0.13682705 0.86317295
0.15402175 0.84597825
0.06740244 0.9325973
0.6118103 0.3881897
0.3758914 0.6241086
0.2893312 0.7106688
0.1222411 0.8777589
0.101506385 0.8984936
0.2980839 0.7019161
0.13723975 0.86276025
0.2286667 0.7713333
0.063423815 0.9365762
0.19141645 0.80858355
0.095021975 0.9049777
0.41447465 0.58552535
0.10024897 0.8997509
0.07131939 0.9286809
0.08632352 0.9136765
0.10137346 0.89862645
0.8417114 0.15828856
0.2192123 0.7807877
0.1959102 0.8040898
0.078124575 0.9218757
0.4147585 0.5852415
0.1497293 0.8502707
0.2694786 0.7305214
0.105737325 0.89426295
0.112781 0.88721875
0.10720584 0.8927942
0.1312396 0.8687604
0.2466027 0.7533973
0.16533125 0.83466875
0.21788604 0.78211395
0.1167299 0.8832701
0.1807979 0.8192021
0.3025249 0.6974751
0.12368241 0.8763176
0.10964543 0.89035455
0.2444936 0.7555064
0.10232737 0.89767275
0.049689415 0.9503106
0.84947795 0.15052205
0.1410481 0.8589519
0.2653559 0.7346441
0.1404346 0.8595654
0.2507662 0.7492338
0.89871485 0.10128521
0.148181475 0.85181855
0.0987186 0.90128155
0.11934895 0.88065105
0.10641744 0.8935826
0.12720736 0.87279265
0.13829515 0.86170485
0.08122856 0.9187716
0.19739655 0.80260345
0.08176415 0.91823615
0.14171475 0.85828525
0.2040321 0.7959679
0.091929195 0.9080711
0.076122225 0.9238778
0.064385165 0.9356151
0.11526765 0.88473235
0.14971532 0.8502847
0.165682945 0.83431705
0.1261934 0.8738066
0.10341528 0.8965848
0.22166025 0.77833975
0.197266455 0.80273355
0.10930785 0.89069215
0.09935514 0.9006448
0.11700545 0.88299455
0.06113568 0.9388641
0.2099349 0.7900651
0.07012675 0.9298734
0.142716885 0.8572831
0.17159655 0.82840345
0.15258395 0.84741605
0.113095115 0.8869049
0.10168236 0.8983174
0.04075411 0.95924575
0.19939175 0.80060825
0.26655745 0.73344255
0.07358845 0.92641145
0.082099995 0.9179003
0.099895725 0.9001041
0.2169238 0.7830762
0.07001661 0.9299832
0.086864085 0.91313575
0.10257327 0.8974268
0.073169835 0.92682985
0.16285465 0.83714535
0.29447865 0.70552135
0.1657993 0.8342007
0.1376216 0.8623784
0.9398397 0.060160375
0.06409045 0.9359099
0.5933995 0.4066005
0.1675632 0.8324368
0.068798325 0.93120195
0.6233918 0.3766082
0.9171492 0.08285099
0.2547972 0.7452028
0.080550915 0.919449
0.084462795 0.9155374
0.111944175 0.88805585
0.11762218 0.8823778
0.088551655 0.9114483
0.173653405 0.8263466
0.097421585 0.90257825
0.19974165 0.80025835
0.23470705 0.76529295
0.10932053 0.89067955
0.14526585 0.85473415
0.090656355 0.90934355
0.087673295 0.9123267
0.18241045 0.81758955
0.101872135 0.8981279
0.21565085 0.78434915
0.78960495 0.21039497
0.09132751 0.90867245
0.15420505 0.84579495
0.039273735 0.96072655
0.092019175 0.9079808
0.08890319 0.91109655
0.179025765 0.82097425
0.29322955 0.70677045
0.07617168 0.9238283
0.047752765 0.95224715
0.1120144 0.8879856
0.081016965 0.91898325
0.08820494 0.91179495
0.10581759 0.8941824
0.10893296 0.891067
0.1820299 0.8179701
0.02417538 0.97582455
0.07937831 0.92062185
0.15396088 0.8460391
0.08617063 0.9138295
0.73709205 0.26290803
0.09023283 0.909767
0.109656765 0.89034345
0.18069855 0.81930145
0.066800265 0.93319955
0.12300415 0.87699585
0.096771605 0.9032282
0.06936939 0.93063035
0.093460505 0.9065395
0.076758615 0.92324155
0.16494795 0.83505205
0.2234689 0.7765311
0.068682555 0.9313175
0.08081711 0.9191831
0.03238461 0.967615
0.095120905 0.90487885
0.1319309 0.8680691
0.14501525 0.85498475
0.1268648 0.8731352
0.10514314 0.8948566
0.07446121 0.9255391
0.1939958 0.8060042
0.05885466 0.94114565
0.123239425 0.8767605
0.2326246 0.7673754
0.22477665 0.77522335
0.080713675 0.91928605
0.1573404 0.8426596
0.186940855 0.81305915
0.17332555 0.82667445
0.1310459 0.8689541
0.9241766 0.075823475
0.15207255 0.84792745
0.1340648 0.8659352
0.04197351 0.95802665
0.14865095 0.85134905
0.053271475 0.9467283
0.15943175 0.84056825
0.6349871 0.3650129
0.09829192 0.90170795
0.12495843 0.87504165
0.119696495 0.8803035
0.086630515 0.91336955
0.057999155 0.94200115
0.09320385 0.9067963
0.17114485 0.82885515
0.83909915 0.16090085
0.344780645 0.65521925
0.092369925 0.90763015
0.15683035 0.84316965
0.18359245 0.81640755
0.0748847 0.9251152
0.1517215 0.8482785
0.14076974 0.85923025
0.1686778 0.8313222
0.226669 0.773331
0.1591056 0.8408944
0.107216505 0.89278325
0.085718485 0.9142817
0.16226735 0.83773265
0.044980935 0.95501915
0.11445391 0.88554605
0.09052626 0.9094738
0.04575871 0.9542413
0.2382206 0.7617794
0.17721284 0.82278715
0.047115605 0.9528845
0.07586501 0.92413495
0.16608975 0.83391025
0.2406781 0.7593219
0.57912025 0.42087973
0.12046685 0.87953315
0.09518614 0.904814
0.07878753 0.9212125
0.2698794 0.7301206
0.064272325 0.93572755
0.151544145 0.84845585
0.08096274 0.91903715
0.07854704 0.921453
0.2128683 0.7871317
0.085603515 0.9143967
0.1832427 0.8167573
0.06075006 0.93925
0.16982845 0.83017155
0.07253438 0.9274656
0.087038145 0.9129621
0.10905405 0.89094595
0.12471665 0.87528335
0.07379196 0.9262079
0.553293 0.446707
0.06105186 0.93894825
0.2535535 0.7464465
0.13008272 0.8699173
0.079690515 0.9203093
0.07683347 0.9231668
0.1537573 0.8462427
0.12223405 0.87776595
0.090611365 0.90938845
0.2397577 0.7602423
0.062325855 0.93767405
0.68789635 0.31210365
0.172497025 0.82750295
0.108144715 0.89185525
0.4884533 0.5115467
0.1519574 0.8480426
0.03865242 0.9613478
0.43636715 0.56363285
0.112045075 0.8879546
0.07675749 0.92324275
0.12058815 0.87941185
0.24420465 0.75579535
0.1393672 0.8606328
0.19988665 0.80011335
0.11945719 0.88054285
0.051682245 0.94831755
0.9024887 0.0975112
0.4213219 0.5786781
0.118449645 0.88155035
0.121313385 0.8786866
0.09490494 0.90509505
0.11721966 0.8827804
0.10831116 0.8916888
0.161321 0.838679
0.2448611 0.7551389
0.11306255 0.8869376
0.047913835 0.95208575
0.3298769 0.6701231
0.30248235 0.69751765
0.07139007 0.92861015
0.092241795 0.9077581
0.12057405 0.87942595
0.14098615 0.85901385
0.10691721 0.89308275
0.051787045 0.94821325
0.18350565 0.81649435
0.751673 0.248327
0.20050385 0.79949615
0.097624675 0.90237535
0.21417294 0.78582705
0.12858005 0.87141995
0.06255415 0.93744555
0.08157637 0.91842325
0.12265288 0.8773471
0.17983285 0.82016715
0.076747275 0.9232527
0.08430392 0.915696
0.10428903 0.89571105
0.19584121 0.8041588
0.20097708 0.79902295
0.2046755 0.7953245
0.09741564 0.9025846
0.129168015 0.870832
0.072718725 0.92728165
0.080638695 0.9193615
0.09461957 0.90538045
0.084052705 0.9159472
0.074179165 0.9258208
0.21069335 0.78930665
0.2432072 0.7567928
0.088233575 0.911766
0.08350967 0.9164905
0.09709397 0.9029063
0.051580845 0.9484192
0.1978904 0.8021096
0.10740095 0.89259905
0.07975747 0.9202422
0.27273265 0.72726735
0.10138202 0.8986181
0.11098578 0.8890142
0.1211673245 0.87883275
0.15101765 0.84898235
0.10812919 0.8918708
0.17346345 0.82653655
0.10888269 0.89111725
0.1397044 0.8602956
0.26757335 0.73242665
0.07757826 0.9224219
0.128077545 0.87192245
0.61306925 0.38693075
0.07377199 0.92622815
0.115296385 0.88470365
0.10534277 0.89465725
0.2203119 0.7796881
0.09790448 0.9020955
0.90746465 0.09253534
0.10212387 0.89787605
0.1695269 0.8304731
0.1378444 0.8621556
0.066919075 0.9330813
0.10885374 0.8911463
0.100796475 0.8992038
0.20173225 0.79826775
0.04528947 0.9547105
0.147481525 0.85251845
0.36048755 0.63951245
0.07841539 0.92158485
0.11436749 0.88563245
0.10577567 0.89422435
0.147448 0.852552
0.15501745 0.84498255
0.11343962 0.8865604
0.14467879 0.85532125
0.08202997 0.91797005
0.18160865 0.81839135
0.39899755 0.60100245
0.116330625 0.88366905
0.0780399 0.92196025
0.36352385 0.63647615
0.65498085 0.34501915
0.095648515 0.90435155
0.162433655 0.83756635
0.1575355 0.8424645
0.11479266 0.8852073
0.1588549 0.8411451
0.1754409 0.8245591
0.11958635 0.88041365
0.125537825 0.8744622
0.17347415 0.82652585
0.37560115 0.62439885
0.07742373 0.9225761
0.107168185 0.8928315
0.11918225 0.88081775
0.055562345 0.94443735
0.07663169 0.9233682
0.101446255 0.89855385
0.12315295 0.87684705
0.1535805 0.8464195
0.10075368 0.89924645
0.4541001 0.5458999
0.051805855 0.94819415
0.15156015 0.84843985
0.086966875 0.9130331
0.11288815 0.88711185
0.145759915 0.8542401
0.09800042 0.90199955
0.12391993 0.87608005
0.094905855 0.9050942
0.106648 0.893352
0.090492825 0.909507
0.11937395 0.88062605
0.174209865 0.82579015
0.14578775 0.85421225
0.176310405 0.8236896
0.38810555 0.61189445
0.13818335 0.86181665
0.14804485 0.85195515
0.10537226 0.8946278
0.0776782 0.92232175
0.1072345 0.8927654
0.073300825 0.92669935
0.097953865 0.9020462
0.4495902 0.5504098
0.3463074 0.6536926
0.18656125 0.81343875
0.176105545 0.82389445
0.15888755 0.84111245
0.1742184 0.8257816
0.08266319 0.91733675
0.5906569 0.4093431
0.1224059 0.8775941
0.1393542 0.8606458
0.081078485 0.91892165
0.2379865 0.7620135
0.2457885 0.7542115
0.1815017 0.8184983
0.105479225 0.89452075
0.11015402 0.889846
0.15003525 0.84996475
0.14153135 0.85846865
0.1758565 0.8241435
0.152426455 0.84757355
0.7473883 0.2526116
0.1448613 0.8551387
0.05202197 0.9479782
0.074364475 0.9256355
0.045843715 0.9541562
0.20686045 0.79313955
0.110501145 0.88949885
0.14476295 0.85523705
0.14252745 0.85747255
0.1223964 0.8776036
0.051383195 0.9486169
0.2307562 0.7692438
0.3652196 0.6347804
0.105313655 0.8946864
0.1252976 0.8747024
0.57265425 0.42734575
0.0843658 0.91563395
0.0663353 0.93366505
0.12521965 0.87478035
0.09476357 0.90523665
0.091144945 0.90885535
0.21797675 0.78202325
0.20334705 0.79665295
0.07159914 0.9284009
0.23157255 0.76842745
0.11915339 0.88084655
0.1723324 0.8276676
0.08058457 0.91941525
0.1725324 0.8274676
0.1669564 0.8330436
0.09874838 0.90125155
0.07224473 0.92775565
0.07253342 0.9274664
0.080361415 0.91963875
0.070297475 0.92970245
0.10517766 0.8948223
0.08015842 0.9198414
0.071847395 0.9281527
0.09026181 0.90973835
0.14133441 0.8586656
0.0962414 0.9037584
0.082890105 0.9171098
0.12877943 0.8712206
0.154066595 0.8459334
0.1833244 0.8166756
0.118771795 0.88122855
0.114585425 0.88541455
0.179424385 0.8205756
0.11128446 0.8887156
0.1485226 0.8514774
0.17154295 0.82845705
0.151459575 0.8485404
0.21787485 0.78212515
0.1327728 0.8672272
0.11438519 0.8856148
0.08861386 0.9113865
0.04773032 0.95226955
0.14311575 0.85688425
0.13894475 0.86105525
0.065618205 0.9343816
0.1187388 0.8812612
0.2596206 0.7403794
0.1234539 0.8765461
0.057573725 0.94242595
0.37651065 0.62348935
0.1883113 0.8116887
0.12173259 0.8782674
0.064677445 0.9353226
0.2010117 0.7989883
0.2134685 0.7865315
0.208192 0.791808
0.13116465 0.86883535
0.06958099 0.93041915
0.1149281 0.8850719
0.10117658 0.8988235
0.097279 0.90272085
0.1595109 0.8404891
0.1838981 0.8161019
0.22573995 0.77426005
0.11543722 0.8845628
0.238838 0.761162
0.08660197 0.9133983
0.4557173 0.5442827
0.3016961 0.6983039
0.87828415 0.12171589
0.12720907 0.87279085
0.0472173 0.95278295
0.06913175 0.9308682
0.077434805 0.92256495
0.11584913 0.88415095
0.15940875 0.84059125
0.1819961 0.8180039
0.1176628 0.8823372
0.66297445 0.33702555
0.088407585 0.9115922
0.14318691 0.8568131
0.10262228 0.8973777
0.1492528 0.8507472
0.11258892 0.8874111
0.17382743 0.82617255
0.064546335 0.9354537
0.084654075 0.91534605
0.19797455 0.80202545
0.076091825 0.9239084
0.35656125 0.64343875
0.07655337 0.92344685
0.17852285 0.82147715
0.101103345 0.8988965
0.096089605 0.90391055
0.11842971 0.88157035
0.130254215 0.8697458
0.12582222 0.874178
0.2394638 0.7605362
0.078666805 0.9213335
0.148352 0.851648
0.3312609 0.6687391
0.8136004 0.1863996
0.05109744 0.9489028
0.0878057 0.91219415
0.144241805 0.8557582
0.15067795 0.84932205
0.05496259 0.94503765
0.1536113 0.8463887
0.04744357 0.95255625
0.5273787 0.4726213
0.028863875 0.97113585
0.07265939 0.92734055
0.11764275 0.8823571
0.15511575 0.84488425
0.33026875 0.66973125
0.747886 0.252114
0.13454445 0.86545555
0.22799595 0.77200405
0.06168433 0.938316
0.07285785 0.9271423
0.07787243 0.92212755
0.16682555 0.83317445
0.17713669 0.8228633
0.026187025 0.97381325
0.14038485 0.85961515
0.1907719 0.8092281
0.14940375 0.85059625
0.395859 0.604141
0.333935 0.666065
0.08610695 0.91389335
0.07312714 0.92687265
0.0827573 0.9172426
0.71302835 0.28697165
0.05472115 0.9452788
0.9079969 0.092003039
0.13555446 0.8644458
0.05812718 0.94187285
0.1359676 0.8640324
0.36446735 0.63553265
0.052351115 0.9476485
0.2548235 0.7451765
0.100225125 0.89977485
0.1429367 0.8570633
0.05207184 0.94792815
0.09340013 0.9065997
0.2116378 0.7883622
0.099677265 0.90032255
0.1222224 0.8777776
0.15839476 0.84160525
0.1775637 0.8224363
0.076544735 0.92345565
0.18845435 0.81154565
0.04914077 0.95085935
0.1941139 0.8058861
0.0976392736515 0.9023607
0.15272045 0.84727955
0.63460875 0.36539125
0.13347542 0.8665246
0.07764697 0.9223529
0.06544352 0.9345568
0.141401765 0.85859825
0.10465147 0.8953486
0.20751735 0.79248265
0.068096575 0.93190335
0.089272515 0.91072755
0.17040475 0.82959525
0.10021103 0.89978885
0.09662287 0.90337735
0.09058223 0.90941755
0.29873415 0.70126585
0.09725436 0.9027457
0.15126137 0.84873865
0.081950365 0.9180497
0.0736617 0.92633835
0.5648254 0.4351746
0.2907566 0.7092434
0.1665619 0.8334381
0.15813655 0.84186345
0.087102765 0.9128974
0.05787241 0.9421277
0.07820884 0.92179135
0.11902254 0.8809775
0.11728355 0.88271645
0.04437405 0.9556256
0.086180435 0.9138199
0.090520295 0.9094798
0.105133385 0.89486655
0.1809321 0.8190679
0.93648665 0.063513495
0.06111717 0.9388826
0.15454315 0.84545685
0.16349005 0.83650995
0.076680105 0.92332
0.20636615 0.79363385
0.040914525 0.95908585
0.89456605 0.10543385
0.3449965 0.6550035
0.192791535 0.80720845
0.109897225 0.89010275
0.04785402 0.952146
0.1827909 0.8172091
0.8414232 0.15857672
0.8533452 0.1466548
0.053763765 0.9462363
0.099300385 0.90069955
0.18649985 0.81350015
0.067620325 0.93238
0.056380275 0.94361985
0.050515865 0.94948415
0.08878362 0.9112165
0.11524484 0.8847551
0.064750775 0.9352492
0.1172253 0.8827747
0.19788815 0.80211185
0.061183445 0.9388168
0.063662985 0.93633735
0.2444688 0.7555312
0.11726567 0.8827343
0.32042175 0.67957825
0.09375544 0.90624445
0.04816683 0.9518334
0.090206355 0.9097932
0.17730135 0.82269865
0.07426038 0.92573995
0.0709226 0.92907775
0.046726845 0.9532732
0.10384749 0.89615245
0.91140135 0.0885987
0.1604955 0.8395045
0.088830585 0.91116955
0.21386595 0.78613405
0.1557916 0.8442084
0.084500535 0.9154998
0.092967535 0.90703245
0.08748917 0.91251105
0.87100735 0.12899265
0.20075195 0.79924805
0.11735861 0.88264135
0.6622063 0.3377937
0.05407129 0.94592855
0.083371745 0.9166284
0.06290023 0.93709995
0.140134025 0.85986595
0.082917525 0.9170822
