read_label kmer revcKmer DACC PseDNC
1 0.546131 0.554921 0.717671 0.655294
1 0.871661 0.750402 0.680064 0.841475
1 0.658741 0.623821 0.622294 0.623762
1 0.550896 0.833118 0.5 0.623391
1 0.376055 0.963067 0.68863 0.509177
1 0.567942 0.618725 0.627344 0.579822
1 0.732569 0.940461 0.597788 0.719271
1 0.614912 0.624789 0.333799 0.614651
1 0.440635 0.489382 0.62076 0.523956
1 0.535762 0.530873 0.688838 0.547744
1 0.0611241 0.116862 0.154317 0.0909776
1 0.514713 0.66936 0.597513 0.595656
1 0.208142 0.340596 0.150189 0.203335
1 0.159565 0.124818 0.275713 0.153664
1 0.711173 0.984691 0.697676 0.768231
1 0.650105 0.912591 0.703748 0.603091
1 0.169442 0.151361 0.201726 0.195008
1 0.835391 0.979405 0.654783 0.902251
1 0.963159 0.988143 0.963877 0.964636
1 0.902286 0.806171 0.81029 0.914267
1 0.141593 0.0829934 0.0825084 0.112207
1 0.940205 0.912188 0.950436 0.946946
1 0.152044 0.127301 0.110476 0.202693
1 0.724964 0.703588 0.77298 0.788524
1 0.891992 0.919653 0.945192 0.90655
1 0.438839 0.556269 0.531728 0.493636
1 0.867949 0.973571 0.90927 0.892449
1 0.79241 0.915168 0.415553 0.818578
1 0.876582 0.876098 0.87748 0.938888
1 0.191802 0.121096 0.266164 0.0981243
1 0.733163 0.714965 0.874129 0.770057
1 0.398107 0.213425 0.0698885 0.507894
1 0.789044 0.77 0.599272 0.817753
1 0.53601 0.406484 0.374419 0.51172
1 0.0846871 0.154418 0.121941 0.080399
1 0.0820438 0.124337 0.134029 0.0949529
1 0.732973 0.858996 0.608412 0.726432
1 0.575794 0.636589 0.626288 0.644674
1 0.789717 0.995692 0.875934 0.856795
1 0.0726612 0.0640631 0.127027 0.0535913
1 0.849765 0.634941 0.55074 0.874792
1 0.356091 0.788213 0.473388 0.483113
1 0.721407 0.892428 0.705148 0.850807
1 0.7463 0.942404 0.827749 0.793074
1 0.190418 0.219195 0.131004 0.239635
1 0.565185 0.552768 0.710897 0.56822
1 0.713468 0.813393 0.597595 0.725148
1 0.20936 0.132569 0.184893 0.198906
1 0.353033 0.314237 0.404884 0.382888
1 0.771699 0.828351 0.723901 0.758833
1 0.588661 0.868311 0.748762 0.693518
1 0.643093 0.765942 0.689932 0.75379
1 0.690471 0.776472 0.820855 0.770478
1 0.456523 0.526767 0.399698 0.585271
1 0.0921818 0.0944126 0.0446783 0.0766017
1 0.125744 0.0847543 0.0192442 0.0755553
1 0.0936109 0.150013 0.157315 0.0914766
1 0.508505 0.571907 0.341382 0.552904
1 0.131049 0.189178 0.230642 0.149674
1 0.70982 0.659761 0.77446 0.723021
1 0.220731 0.13755 0.166905 0.202004
1 0.834217 0.871034 0.912399 0.874484
1 0.0819438 0.0746908 0.116235 0.0915956
1 0.114186 0.134476 0.182373 0.138868
1 0.849792 0.9466 0.925026 0.896122
1 0.766948 0.689534 0.893695 0.702826
1 0.630545 0.669194 0.615199 0.594615
1 0.819033 0.928018 0.914593 0.858291
1 0.40948 0.299399 0.298298 0.416709
1 0.399025 0.24754 0.417745 0.474585
1 0.536182 0.505121 0.415656 0.487959
1 0.925149 0.938695 0.970751 0.90147
1 0.80424 0.925743 0.874275 0.810493
1 0.527654 0.64769 0.488704 0.612641
1 0.570581 0.643149 0.44588 0.528205
1 0.630111 0.765 0.622455 0.657815
1 0.141827 0.106726 0.078578 0.113074
1 0.269502 0.21045 0.36957 0.296856
1 0.932524 0.940579 0.789338 0.950177
1 0.647501 0.721819 0.768292 0.58194
1 0.3336 0.149087 0.680717 0.224327
1 0.0769779 0.149387 0.0489523 0.0656309
1 0.766486 0.903139 0.848595 0.810718
1 0.869825 0.86146 0.737226 0.863205
1 0.793364 0.978611 0.689605 0.801011
1 0.161233 0.172952 0.195148 0.213277
1 0.900164 0.570937 0.423603 0.735963
1 0.0371313 0.0577256 0.116728 0.0329856
1 0.643321 0.9787 0.949499 0.730192
1 0.590024 0.786804 0.360895 0.602544
1 0.735753 0.911145 0.743619 0.729455
1 0.564291 0.50806 0.733003 0.595553
1 0.557547 0.625721 0.747769 0.616145
1 0.691695 0.771844 0.871953 0.683105
1 0.132241 0.0876861 0.0476262 0.145941
1 0.0834573 0.121873 0.103603 0.0773792
1 0.460313 0.5 0.801331 0.470014
1 0.863431 0.726276 0.733933 0.770233
1 0.163094 0.10192 0.0420643 0.116797
1 0.0999227 0.0813102 0.0918047 0.0916539
1 0.582803 0.561038 0.670119 0.563789
1 0.981338 0.960695 0.824358 0.969914
1 0.564298 0.813482 0.5 0.705862
1 0.737681 0.878637 0.765865 0.834713
1 0.219023 0.0971991 0.119628 0.19708
1 0.414957 0.727396 0.541583 0.505371
1 0.283946 0.409706 0.257589 0.237474
1 0.722875 0.94555 0.767163 0.799297
1 0.132842 0.0798013 0.0663292 0.102096
1 0.599203 0.48045 0.363486 0.530938
1 0.642615 0.858869 0.765108 0.640422
1 0.0835358 0.178636 0.121251 0.0732941
1 0.430601 0.827346 0.278162 0.527959
1 0.68672 0.57263 0.5 0.650844
1 0.828333 0.749271 0.552192 0.788172
1 0.887823 0.942796 0.441228 0.850108
1 0.238121 0.16662 0.23314 0.241485
1 0.275465 0.196307 0.248271 0.313563
1 0.135902 0.0945432 0.160335 0.118738
1 0.749881 0.871614 0.872124 0.777599
1 0.764542 0.632712 0.782389 0.759242
1 0.519912 0.745165 0.764465 0.622671
1 0.234916 0.288966 0.321754 0.291777
1 0.956561 0.996069 0.973629 0.974817
1 0.0752996 0.0873895 0.126178 0.072432
1 0.872314 0.809564 0.853411 0.86472
1 0.347961 0.249687 0.398698 0.375403
1 0.20066 0.152906 0.15166 0.205119
1 0.728228 0.906506 0.794129 0.627945
1 0.132179 0.133313 0.208872 0.13596
1 0.654016 0.628279 0.585685 0.766807
1 0.164024 0.131959 0.156557 0.192071
1 0.607752 0.5 0.306929 0.624793
1 0.839378 0.905623 0.850552 0.800412
1 0.911161 0.875895 0.950972 0.912261
1 0.450621 0.512957 0.580722 0.575259
1 0.304886 0.193871 0.122442 0.233628
1 0.867131 0.772608 0.748328 0.874065
1 0.0982754 0.152789 0.152991 0.0924758
1 0.594427 0.87509 0.844039 0.548196
1 0.6153 0.561761 0.506451 0.652289
1 0.756625 0.964979 0.55422 0.687486
1 0.22024 0.187416 0.19872 0.207504
1 0.481108 0.561081 0.443028 0.561197
1 0.682074 0.718201 0.868922 0.767218
1 0.718611 0.897852 0.752102 0.776078
1 0.872053 0.729225 0.58287 0.835476
1 0.124731 0.0985384 0.0595215 0.112137
1 0.940354 0.954508 0.868789 0.958233
1 0.771387 0.945184 0.818491 0.867352
1 0.0617906 0.0538895 0.0361819 0.0628519
1 0.219216 0.28733 0.384184 0.286644
1 0.979932 0.975662 0.765311 0.953384
1 0.928632 0.976085 0.954061 0.957079
1 0.897588 0.769437 0.63614 0.8856
1 0.855545 0.892737 0.839619 0.834295
1 0.785088 0.907215 0.387203 0.77965
1 0.0908116 0.0960407 0.0818545 0.0747486
1 0.153959 0.151972 0.227265 0.146079
1 0.0853478 0.0754366 0.0549215 0.0636887
1 0.538032 0.52049 0.645226 0.558045
1 0.967207 0.975794 0.801009 0.944609
1 0.828385 0.976692 0.85494 0.876815
1 0.861946 0.875443 0.707644 0.830715
1 0.824978 0.963836 0.739573 0.828922
1 0.876571 0.907842 0.811376 0.837994
1 0.342485 0.369306 0.290497 0.340985
1 0.287438 0.576357 0.229479 0.316596
1 0.527668 0.468154 0.354295 0.520503
1 0.686063 0.939415 0.83107 0.725508
1 0.208926 0.0858571 0.320856 0.171965
1 0.925169 0.918746 0.852496 0.842815
1 0.551009 0.49231 0.192856 0.635865
1 0.524657 0.803192 0.669822 0.57918
1 0.48437 0.552034 0.687441 0.574439
1 0.0361477 0.0328672 0.0191478 0.0446108
1 0.794793 0.859755 0.855378 0.744623
1 0.0188541 0.0437092 0.0542745 0.0240861
1 0.954887 0.995039 0.963051 0.964917
1 0.317403 0.377361 0.209278 0.245331
1 0.654996 0.960946 0.729228 0.790649
1 0.697988 0.904354 0.762239 0.750019
1 0.402922 0.559019 0.380471 0.438376
1 0.805918 0.745781 0.568121 0.753073
1 0.475067 0.275416 0.339979 0.425311
1 0.172999 0.116556 0.129865 0.141856
1 0.886249 0.971776 0.952665 0.894936
1 0.5 0.507055 0.46627 0.437295
1 0.505185 0.409841 0.351667 0.550092
1 0.820981 0.958505 0.775636 0.872971
1 0.795521 0.973149 0.651048 0.826584
1 0.85671 0.879877 0.917965 0.844853
1 0.657432 0.7723 0.721403 0.549102
1 0.779972 0.901263 0.841413 0.781751
1 0.766742 0.930485 0.82446 0.838809
1 0.841611 0.973942 0.923294 0.820864
1 0.904266 0.978646 0.974377 0.926591
1 0.5 0.695419 0.435526 0.450631
1 0.185279 0.0940198 0.148056 0.124267
1 0.851092 0.803069 0.635709 0.808123
1 0.0294368 0.0399779 0.0198359 0.0452881
1 0.924963 0.935607 0.872801 0.916577
1 0.575969 0.712511 0.326675 0.532148
1 0.698247 0.951424 0.87742 0.763313
1 0.482822 0.463061 0.836705 0.522478
1 0.692598 0.550306 0.62273 0.690426
1 0.870599 0.893002 0.853816 0.873892
1 0.543348 0.838045 0.491809 0.576285
1 0.513764 0.305983 0.531183 0.439903
1 0.0898184 0.164869 0.252288 0.125378
1 0.799823 0.894668 0.718402 0.792503
1 0.109789 0.126265 0.121227 0.126915
1 0.776254 0.913538 0.815957 0.751187
1 0.877269 0.818263 0.87238 0.890698
1 0.0806189 0.106621 0.081912 0.0841061
1 0.613009 0.728817 0.739198 0.700788
1 0.53657 0.421561 0.564367 0.552366
1 0.245909 0.792527 0.273325 0.31036
1 0.778841 0.94583 0.909386 0.805014
1 0.800852 0.778558 0.839133 0.734464
1 0.160288 0.100279 0.0808139 0.130451
1 0.783103 0.874318 0.843029 0.775161
1 0.818645 0.868537 0.685327 0.858407
1 0.798405 0.882463 0.795165 0.861045
1 0.942477 0.976134 0.934462 0.954745
1 0.0437737 0.117533 0.133168 0.0418921
1 0.791631 0.895496 0.775982 0.846563
1 0.898211 0.92757 0.897726 0.881484
1 0.764156 0.941415 0.810207 0.73752
1 0.517241 0.95511 0.835221 0.755617
1 0.807913 0.978804 0.703807 0.842614
1 0.415926 0.303852 0.289385 0.449194
1 0.770586 0.960781 0.901468 0.855442
1 0.897874 0.902454 0.874247 0.892387
1 0.173341 0.239207 0.236149 0.167818
1 0.952502 0.987024 0.78636 0.960607
1 0.92684 0.939947 0.966353 0.929635
1 0.138507 0.13055 0.171787 0.125722
1 0.776998 0.790313 0.5 0.867172
1 0.759295 0.824055 0.560271 0.807813
1 0.264715 0.377216 0.350593 0.291637
1 0.179036 0.184421 0.150291 0.198803
1 0.812116 0.987792 0.931494 0.856304
1 0.941238 0.982121 0.944324 0.937612
1 0.527654 0.788088 0.547306 0.587964
1 0.0690386 0.0627157 0.0801144 0.059534
1 0.190136 0.592014 0.294795 0.189707
1 0.0171667 0.0679876 0.0640028 0.0184875
1 0.851359 0.899406 0.949673 0.883639
1 0.977143 0.967384 0.630325 0.974017
1 0.0992421 0.11227 0.15815 0.101964
1 0.413607 0.428904 0.399334 0.395899
1 0.767363 0.771427 0.76311 0.791638
1 0.741656 0.801511 0.667964 0.734917
1 0.966275 0.977686 0.747019 0.950989
1 0.311997 0.181212 0.236634 0.228793
1 0.899692 0.804745 0.686211 0.895109
1 0.351762 0.310678 0.452293 0.304269
1 0.988937 0.992359 0.976375 0.984326
1 0.31844 0.314926 0.696003 0.350575
1 0.0517468 0.0626595 0.089791 0.0423568
1 0.766513 0.741328 0.646942 0.754531
1 0.160908 0.228512 0.0943456 0.116893
1 0.394848 0.5 0.380058 0.405898
1 0.979266 0.995907 0.947858 0.985959
1 0.0791144 0.0687979 0.0826123 0.0536749
1 0.493943 0.753529 0.431307 0.54609
1 0.745904 0.963655 0.711049 0.787414
1 0.0691751 0.104171 0.153854 0.0952245
1 0.778067 0.880372 0.794218 0.837994
1 0.0191212 0.0514461 0.0847678 0.018271
1 0.246948 0.228065 0.184468 0.226808
1 0.880616 0.794234 0.853262 0.881309
1 0.357045 0.5 0.537656 0.338383
1 0.944899 0.832519 0.81435 0.934338
1 0.886295 0.92191 0.652929 0.919267
1 0.966777 0.991288 0.867938 0.979529
1 0.693365 0.977207 0.806613 0.752766
1 0.0469362 0.0587874 0.0881513 0.0375025
1 0.563643 0.567088 0.690646 0.59768
0 0.126751 0.155166 0.0835545 0.13467
0 0.1499 0.111498 0.169372 0.160084
0 0.140318 0.166422 0.151368 0.136848
0 0.102169 0.117434 0.066936 0.176886
0 0.121551 0.0865943 0.0959537 0.107996
0 0.24552 0.0713623 0.230204 0.262242
0 0.101017 0.102229 0.0511622 0.110802
0 0.0464462 0.14624 0.0340254 0.0386184
0 0.0828567 0.0928902 0.0862585 0.0885193
0 0.149818 0.0849814 0.123834 0.175837
0 0.175785 0.112663 0.37471 0.147493
0 0.115164 0.146482 0.15089 0.162391
0 0.112263 0.116601 0.155529 0.0947891
0 0.264382 0.888349 0.279054 0.348139
0 0.081149 0.178244 0.0636687 0.077049
0 0.104104 0.110268 0.0617565 0.0880291
0 0.129878 0.0971423 0.0572874 0.109768
0 0.1683 0.115418 0.140569 0.16479
0 0.0319938 0.0999894 0.034625 0.0362959
0 0.221884 0.298541 0.22829 0.186931
0 0.136156 0.120259 0.0479911 0.127748
0 0.169643 0.114777 0.229023 0.131439
0 0.104183 0.121316 0.220315 0.118043
0 0.0856825 0.0929269 0.0974126 0.0937701
0 0.207365 0.179566 0.0925718 0.11867
0 0.176246 0.130541 0.126985 0.234211
0 0.1527 0.131047 0.0715205 0.149604
0 0.10687 0.183645 0.1013 0.111464
0 0.17252 0.150122 0.224304 0.18929
0 0.203874 0.127351 0.352828 0.214241
0 0.127855 0.110843 0.0540523 0.136109
0 0.317732 0.209522 0.155707 0.285761
0 0.0653848 0.0825096 0.0931821 0.0543686
0 0.182657 0.362246 0.124202 0.177614
0 0.0944724 0.0883104 0.0668164 0.0795283
0 0.130601 0.191851 0.207248 0.128536
0 0.0984856 0.115538 0.208981 0.0901587
0 0.466834 0.479507 0.409683 0.46494
0 0.213319 0.310348 0.16728 0.202688
0 0.0633862 0.0661137 0.0346431 0.0400721
0 0.140036 0.105362 0.184502 0.128814
0 0.0694746 0.172121 0.0855914 0.0948878
0 0.129898 0.245031 0.146536 0.126096
0 0.161313 0.217383 0.11143 0.151751
0 0.0943752 0.0691425 0.13323 0.0727807
0 0.143224 0.0958763 0.369892 0.144194
0 0.125587 0.177317 0.0500521 0.129949
0 0.125377 0.154018 0.0895865 0.134208
0 0.122392 0.100197 0.194655 0.126956
0 0.657502 0.827917 0.455455 0.660549
0 0.290638 0.19623 0.133095 0.197418
0 0.106465 0.104136 0.0471394 0.0674912
0 0.16872 0.12117 0.101068 0.137705
0 0.099988 0.0906016 0.108996 0.0994847
0 0.107001 0.113888 0.110255 0.0934146
0 0.200414 0.228229 0.182004 0.162549
0 0.0785288 0.2197 0.0752806 0.0848148
0 0.120433 0.106415 0.064291 0.107521
0 0.130138 0.158723 0.13981 0.164381
0 0.124639 0.102524 0.157232 0.1166
0 0.216825 0.205562 0.166894 0.184257
0 0.160477 0.107638 0.202852 0.140105
0 0.606674 0.654173 0.424034 0.650189
0 0.132534 0.771231 0.310061 0.157484
0 0.0779261 0.0696109 0.0620373 0.0727432
0 0.291203 0.0895473 0.228105 0.214988
0 0.344956 0.140245 0.282471 0.226836
0 0.0480428 0.0971939 0.050675 0.0433235
0 0.0533771 0.136764 0.0774294 0.0530455
0 0.143975 0.112231 0.105593 0.145698
0 0.192346 0.131519 0.207083 0.150968
0 0.0606414 0.0930498 0.102314 0.0578656
0 0.562315 0.681145 0.520046 0.60515
0 0.461628 0.624965 0.553382 0.27241
0 0.355942 0.246578 0.319533 0.289915
0 0.11168 0.196675 0.122087 0.100975
0 0.101124 0.109833 0.0752487 0.101023
0 0.331411 0.260304 0.264781 0.307143
0 0.155773 0.108939 0.212684 0.137293
0 0.229689 0.184469 0.124767 0.250101
0 0.0880499 0.0787962 0.0434197 0.056444
0 0.194321 0.147421 0.177268 0.205595
0 0.0919281 0.0949829 0.0674422 0.0976315
0 0.413236 0.311753 0.390683 0.448102
0 0.145213 0.100282 0.131754 0.0908978
0 0.135495 0.0531911 0.0439252 0.0691314
0 0.115514 0.0821731 0.115219 0.080887
0 0.128535 0.0927816 0.0525638 0.103593
0 0.904561 0.651975 0.749849 0.897489
0 0.191845 0.235525 0.532348 0.194316
0 0.237379 0.124325 0.10848 0.218282
0 0.0781191 0.0974877 0.125029 0.0685595
0 0.557977 0.321711 0.332077 0.427715
0 0.191925 0.112683 0.197966 0.150926
0 0.278554 0.442981 0.152115 0.223725
0 0.132512 0.115943 0.0945123 0.0993414
0 0.0726611 0.277591 0.151 0.0653026
0 0.13271 0.0843652 0.124236 0.109
0 0.145931 0.11698 0.13744 0.13289
0 0.266669 0.20869 0.101861 0.266315
0 0.181049 0.104043 0.141009 0.183642
0 0.229928 0.171441 0.0960398 0.239697
0 0.118631 0.10246 0.33729 0.103862
0 0.155732 0.133097 0.211145 0.196997
0 0.35438 0.354184 0.280647 0.280335
0 0.110932 0.123686 0.0941322 0.127916
0 0.111725 0.12874 0.0523576 0.107857
0 0.168427 0.389307 0.31792 0.20599
0 0.0980923 0.0984324 0.0791532 0.10596
0 0.0410041 0.118058 0.0651871 0.028797
0 0.826755 0.873846 0.838505 0.84632
0 0.140682 0.129865 0.188074 0.140928
0 0.272399 0.220618 0.251951 0.279069
0 0.134117 0.086268 0.258009 0.149029
0 0.194237 0.261069 0.327998 0.250352
0 0.9128 0.936016 0.803849 0.892368
0 0.103731 0.216847 0.0975225 0.137789
0 0.0696302 0.160781 0.158485 0.0795002
0 0.109248 0.128258 0.140262 0.116553
0 0.148823 0.0898122 0.102385 0.105313
0 0.0980051 0.151716 0.103611 0.125974
0 0.156003 0.143046 0.200787 0.129302
0 0.114633 0.0810468 0.0843621 0.0759043
0 0.136799 0.364702 0.20865 0.154375
0 0.0752588 0.0840751 0.0902455 0.0814015
0 0.112591 0.117549 0.095187 0.15721
0 0.180667 0.205122 0.149008 0.211524
0 0.104553 0.0811793 0.0613705 0.0956454
0 0.0900793 0.0772784 0.0598376 0.0748719
0 0.0818949 0.0712738 0.0409238 0.0613765
0 0.116216 0.159976 0.114232 0.101445
0 0.179571 0.14511 0.0939474 0.150829
0 0.208279 0.145925 0.0350339 0.175259
0 0.139804 0.134043 0.140275 0.120601
0 0.113961 0.0976204 0.111981 0.102917
0 0.193687 0.295443 0.305451 0.196816
0 0.197921 0.249422 0.0882991 0.1895
0 0.123107 0.106145 0.137545 0.105986
0 0.09278 0.0884847 0.140103 0.100577
0 0.159851 0.10569 0.054885 0.118674
0 0.0461803 0.12468 0.0397872 0.0455266
0 0.06208 0.633341 0.184585 0.104353
0 0.0520295 0.0857506 0.0365777 0.0706843
0 0.18492 0.101305 0.0378877 0.15703
0 0.185866 0.164191 0.135338 0.174469
0 0.147586 0.142005 0.133798 0.158053
0 0.108145 0.10017 0.0740383 0.120838
0 0.129715 0.0797971 0.159181 0.0996806
0 0.0414163 0.0727699 0.0382246 0.0309958
0 0.172153 0.154818 0.427338 0.199763
0 0.226845 0.194567 0.316087 0.291008
0 0.0857199 0.0899431 0.0521654 0.0683378
0 0.0666607 0.150267 0.160052 0.0575045
0 0.105893 0.105824 0.0797234 0.0987007
0 0.200571 0.188578 0.35339 0.217664
0 0.0606731 0.0872661 0.0811555 0.0652897
0 0.0790578 0.170161 0.0873377 0.0623988
0 0.127498 0.0969774 0.0831838 0.101952
0 0.0646673 0.0766109 0.201774 0.0635265
0 0.114229 0.153837 0.355309 0.158306
0 0.334335 0.30578 0.225625 0.290166
0 0.176848 0.102681 0.230559 0.178539
0 0.105454 0.157003 0.408814 0.115746
0 0.925125 0.974998 0.949103 0.930573
0 0.0493213 0.0828362 0.0802014 0.0593554
0 0.564327 0.408724 0.744283 0.643089
0 0.16748 0.126882 0.164863 0.180301
0 0.0954989 0.108643 0.0364575 0.0549184
0 0.553183 0.684365 0.642283 0.613979
0 0.8978 0.935414 0.868413 0.918255
0 0.269082 0.199957 0.282805 0.267319
0 0.033656 0.20979 0.0947956 0.0469039
0 0.0841982 0.168792 0.0461876 0.0615003
0 0.119053 0.0655492 0.0299907 0.13143
0 0.118582 0.106232 0.0933536 0.122846
0 0.096862 0.0625871 0.121199 0.0927509
0 0.209726 0.175083 0.0980571 0.173479
0 0.128408 0.0990525 0.147273 0.0883179
0 0.179605 0.140182 0.264958 0.216149
0 0.276361 0.303829 0.20259 0.209501
0 0.11078 0.0843284 0.139687 0.11445
0 0.154629 0.112685 0.248515 0.145908
0 0.0828419 0.123577 0.0803376 0.0825229
0 0.101981 0.0668382 0.0665874 0.0935049
0 0.140697 0.205982 0.150328 0.184043
0 0.118574 0.0859763 0.0507515 0.108126
0 0.253554 0.195562 0.353097 0.205428
0 0.779112 0.906886 0.756751 0.75766
0 0.111575 0.0648559 0.0329396 0.100849
0 0.139664 0.150029 0.261066 0.149507
0 0.0345063 0.0712117 0.0507868 0.0292945
0 0.133172 0.0756242 0.204816 0.0820559
0 0.101116 0.103075 0.115061 0.0806516
0 0.175225 0.291242 0.0908653 0.151864
0 0.177198 0.684503 0.346214 0.186613
0 0.0681422 0.0604668 0.116228 0.079158
0 0.0367454 0.0599399 0.0537785 0.0452328
0 0.135859 0.131367 0.101632 0.10319
0 0.0818405 0.0745775 0.112471 0.0804521
0 0.115481 0.0815461 0.139005 0.0821498
0 0.0941799 0.101327 0.112613 0.108467
0 0.135879 0.0898367 0.0672574 0.113869
0 0.160594 0.117422 0.306597 0.195625
0 0.0295293 0.0329589 0.0149607 0.0213579
0 0.110096 0.0641341 0.0811572 0.0792062
0 0.138827 0.191434 0.0689276 0.1513
0 0.100431 0.0962848 0.0959515 0.0801123
0 0.708832 0.918683 0.718939 0.686962
0 0.0904292 0.0767708 0.0708236 0.0958378
0 0.0527102 0.243246 0.151362 0.0741053
0 0.105401 0.321374 0.174849 0.149448
0 0.0648666 0.0975157 0.0584406 0.0582899
0 0.108325 0.181001 0.20561 0.101063
0 0.091888 0.097161 0.242988 0.0861557
0 0.105542 0.0733661 0.0396126 0.0648636
0 0.0940299 0.0986764 0.104057 0.0909529
0 0.0939662 0.0868134 0.12632 0.0672051
0 0.177649 0.183865 0.227378 0.152371
0 0.3173 0.155048 0.367118 0.219036
0 0.0760323 0.0972399 0.0862436 0.0574141
0 0.0735205 0.109139 0.105164 0.0713524
0 0.0499641 0.0331236 0.0213371 0.0303025
0 0.0949997 0.195987 0.0593336 0.0668567
0 0.131206 0.12116 0.217426 0.12878
0 0.106581 0.112232 0.406359 0.140912
0 0.140946 0.110213 0.175486 0.126082
0 0.110696 0.133146 0.223001 0.0866066
0 0.0916071 0.0628911 0.0263614 0.0790834
0 0.199805 0.154762 0.132662 0.209892
0 0.0668873 0.0625454 0.0730241 0.0553933
0 0.11788 0.0917876 0.0711671 0.137747
0 0.23062 0.165337 0.482795 0.234393
0 0.229508 0.174927 0.136404 0.246185
0 0.0706399 0.0795667 0.0430488 0.0855137
0 0.151023 0.22615 0.20825 0.133224
0 0.229835 0.175869 0.0779941 0.192129
0 0.170608 0.104768 0.304265 0.184766
0 0.134931 0.122839 0.349685 0.116155
0 0.963306 0.936675 0.527196 0.944848
0 0.17442 0.111084 0.164986 0.160253
0 0.119076 0.0942609 0.0556374 0.154651
0 0.0470975 0.0618444 0.051072 0.0343712
0 0.107992 0.102265 0.328074 0.155377
0 0.0348268 0.100913 0.0248988 0.0436327
0 0.147567 0.15383 0.22773 0.157727
0 0.299651 0.868257 0.767378 0.604618
0 0.10004 0.10377 0.054373 0.0997158
0 0.12873 0.0650565 0.0437936 0.149053
0 0.126443 0.123341 0.0507079 0.122844
0 0.101819 0.0740351 0.0612706 0.0901201
0 0.0673906 0.132065 0.0323934 0.0357345
0 0.104894 0.0954877 0.0552743 0.0936203
0 0.204505 0.149988 0.158565 0.17349
0 0.772269 0.894317 0.737525 0.840204
0 0.375968 0.0983515 0.0724169 0.436758
0 0.0758661 0.143205 0.119635 0.0771701
0 0.16802 0.122436 0.098964 0.170143
0 0.18681 0.192716 0.213417 0.177996
0 0.0677783 0.0965034 0.0800507 0.0689287
0 0.181851 0.136102 0.252903 0.144109
0 0.182656 0.128169 0.0435538 0.145681
0 0.177034 0.146739 0.347982 0.16035
0 0.181101 0.162701 0.372177 0.242169
0 0.141655 0.186646 0.270039 0.144783
0 0.152154 0.0919364 0.212115 0.0969355
0 0.0819499 0.150356 0.103327 0.0650553
0 0.173426 0.127082 0.134095 0.173544
0 0.0559703 0.0476312 0.0227613 0.044184
0 0.108914 0.0992408 0.264021 0.108482
0 0.10173 0.0877943 0.100214 0.088898
0 0.0223816 0.124851 0.0623857 0.0237401
0 0.274728 0.172668 0.25013 0.251858
0 0.201852 0.139544 0.0661618 0.193555
0 0.0441127 0.0742966 0.0320084 0.0403763
0 0.0398898 0.214505 0.0303156 0.042245
0 0.132143 0.16504 0.332143 0.158862
0 0.236772 0.189561 0.17541 0.262028
0 0.408702 0.927283 0.555869 0.5
0 0.10997 0.127337 0.15173 0.117563
0 0.0415391 0.171923 0.142233 0.0762092
0 0.0747868 0.0845329 0.0452881 0.0802121
0 0.205224 0.304303 0.178782 0.276242
0 0.0838165 0.0670491 0.100925 0.0575917
0 0.153336 0.1211 0.0717489 0.166774
0 0.117977 0.0926165 0.0791137 0.0718247
0 0.0854269 0.104812 0.0809907 0.0692191
0 0.193726 0.254934 0.453693 0.184345
0 0.112692 0.0656482 0.0980036 0.0866223
0 0.201162 0.140832 0.248403 0.188523
0 0.0528002 0.0943861 0.0676864 0.05109
0 0.187169 0.118381 0.29088 0.173679
0 0.0525839 0.125439 0.0800138 0.05875
0 0.0897564 0.0685981 0.0876428 0.0922473
0 0.114752 0.108381 0.103185 0.108836
0 0.147487 0.083679 0.173863 0.13006
0 0.0564889 0.135085 0.111515 0.0546928
0 0.46535 0.676373 0.455558 0.53647
0 0.038251 0.162446 0.0527746 0.0339982
0 0.220447 0.217932 0.300825 0.265971
0 0.11148 0.143288 0.0615404 0.134154
0 0.0715001 0.155035 0.129883 0.0539067
0 0.0789811 0.083511 0.129731 0.0703794
0 0.156167 0.132397 0.310043 0.147937
0 0.110766 0.181937 0.154841 0.10312
0 0.0874036 0.102771 0.0379697 0.0914128
0 0.115324 0.325766 0.416847 0.218815
0 0.071778 0.0522001 0.0415583 0.0655848
0 0.681025 0.847955 0.613805 0.645404
0 0.205258 0.13782 0.0961705 0.183998
0 0.0944875 0.0998335 0.0783373 0.115096
0 0.340937 0.792696 0.238398 0.43677
0 0.146352 0.137777 0.282438 0.147146
0 0.03316 0.0783415 0.0364058 0.0274582
0 0.429495 0.689981 0.146498 0.381687
0 0.12515 0.219123 0.170147 0.0726125
0 0.071251 0.0995299 0.137186 0.0659494
0 0.103109 0.106853 0.188883 0.12225
0 0.206396 0.133991 0.168587 0.28975
0 0.219296 0.146961 0.118592 0.126332
0 0.109983 0.47842 0.159865 0.131094
0 0.123438 0.0820902 0.231079 0.121756
0 0.037703 0.123664 0.0565568 0.0313097
0 0.899502 0.960656 0.777319 0.894679
0 0.29994 0.664797 0.379899 0.368267
0 0.10658 0.126086 0.0871859 0.120331
0 0.118393 0.08722 0.0707427 0.136143
0 0.111823 0.0876509 0.0728202 0.096233
0 0.120613 0.0743553 0.144021 0.127825
0 0.0718746 0.108189 0.102492 0.114402
0 0.185306 0.125428 0.102535 0.173197
0 0.2776 0.277993 0.206549 0.232577
0 0.0964403 0.0965695 0.0935314 0.122197
0 0.0246667 0.0973198 0.0699876 0.0345905
0 0.323163 0.438064 0.452499 0.288189
0 0.242786 0.271655 0.19883 0.329125
0 0.0521814 0.0841056 0.105273 0.0678264
0 0.089356 0.126857 0.0694675 0.0837868
0 0.14185 0.112711 0.1345 0.118649
0 0.113252 0.180743 0.160149 0.131546
0 0.0863456 0.10585 0.188173 0.10416
0 0.0602947 0.11552 0.106836 0.0266335
0 0.231976 0.122561 0.168047 0.19599
0 0.633638 0.857848 0.740623 0.738013
0 0.147607 0.339636 0.346558 0.154597
0 0.0895674 0.0931599 0.0872511 0.101036
0 0.148043 0.144849 0.0886998 0.255329
0 0.125296 0.105438 0.130464 0.136061
0 0.0280954 0.159102 0.0484097 0.0392365
0 0.0828989 0.0900425 0.0558018 0.0807506
0 0.178574 0.0910839 0.100815 0.125443
0 0.186585 0.146855 0.188531 0.188272
0 0.0720566 0.107564 0.0724553 0.068317
0 0.0795505 0.109931 0.144366 0.0725298
0 0.123535 0.0828604 0.181542 0.101979
0 0.20724 0.162269 0.0722172 0.213927
0 0.0667192 0.414815 0.0328852 0.168766
0 0.1896 0.209922 0.236688 0.202918
0 0.0851818 0.106732 0.12639 0.0942024
0 0.116606 0.0998062 0.0891935 0.14321
0 0.0722671 0.0658582 0.10186 0.0726575
0 0.056292 0.132598 0.11741 0.0655683
0 0.0842512 0.107858 0.123185 0.089944
0 0.0755849 0.077068 0.0436316 0.0906139
0 0.0896668 0.0859026 0.114377 0.0650971
0 0.165623 0.292728 0.198237 0.193344
0 0.292745 0.301647 0.246282 0.217368
0 0.0808898 0.0917736 0.106546 0.0868655
0 0.0968454 0.101472 0.116217 0.0734152
0 0.0691521 0.110236 0.178833 0.0910614
0 0.0396935 0.10533 0.0549019 0.036616
0 0.199315 0.155608 0.244654 0.207084
0 0.0996868 0.0930421 0.111845 0.112664
0 0.0906787 0.0720738 0.085164 0.0800256
0 0.213511 0.417975 0.211694 0.241849
0 0.0878444 0.0972604 0.110533 0.104029
0 0.125926 0.07535 0.0905516 0.121224
0 0.0689808 0.0761274 0.00349729 0.152106
0 0.127407 0.132739 0.266942 0.151357
0 0.111307 0.126999 0.0867338 0.10348
0 0.16725 0.141338 0.177313 0.184008
0 0.132926 0.0872237 0.120453 0.110958
0 0.148604 0.10447 0.093601 0.152723
0 0.181123 0.678697 0.233771 0.156974
0 0.0816161 0.0666145 0.0603548 0.0816554
0 0.167325 0.108462 0.0953699 0.130591
0 0.542279 0.486687 0.600029 0.66385
0 0.0661046 0.0812196 0.159554 0.0660614
0 0.0967872 0.105943 0.0519203 0.125897
0 0.09882 0.110878 0.0900824 0.105817
0 0.223232 0.181031 0.139141 0.238193
0 0.0879528 0.099089 0.071346 0.101114
0 0.922576 0.965495 0.936225 0.885072
0 0.107278 0.0850476 0.146105 0.103202
0 0.154422 0.141021 0.306388 0.170094
0 0.120242 0.116056 0.235859 0.139717
0 0.092697 0.0534855 0.0740723 0.0665364
0 0.0873414 0.108668 0.156752 0.108536
0 0.0870113 0.211062 0.0803867 0.0705594
0 0.199476 0.288131 0.119483 0.181822
0 0.0357617 0.0562354 0.0522887 0.0428489
0 0.103616 0.105532 0.0825285 0.172134
0 0.320441 0.449926 0.236962 0.348631
0 0.080224 0.0732163 0.0890177 0.0789213
0 0.130223 0.0796996 0.0302084 0.129069
0 0.0882382 0.119345 0.12839 0.102559
0 0.171088 0.102042 0.114651 0.160305
0 0.13416 0.119693 0.167411 0.168142
0 0.102938 0.110141 0.0939294 0.117571
0 0.155682 0.0726332 0.488761 0.138686
0 0.0691532 0.168032 0.175498 0.050359
0 0.157589 0.137026 0.138861 0.20231
0 0.414354 0.270681 0.575252 0.422559
0 0.077042 0.215119 0.160714 0.0885645
0 0.0780787 0.0886346 0.130841 0.0707124
0 0.325042 0.231956 0.187381 0.423476
0 0.722337 0.54288 0.592957 0.683882
0 0.0887467 0.0822805 0.224586 0.0909053
0 0.150253 0.223328 0.0835221 0.151641
0 0.15935 0.156783 0.204178 0.1539
0 0.0908088 0.115447 0.0400576 0.12403
0 0.153694 0.132419 0.136677 0.169489
0 0.196682 0.109359 0.285953 0.184005
0 0.119735 0.137101 0.130381 0.113344
0 0.111519 0.100951 0.0991315 0.137291
0 0.172574 0.117723 0.179036 0.190339
0 0.323386 0.526403 0.37613 0.337193
0 0.0928741 0.0648704 0.11915 0.0756996
0 0.0978521 0.129053 0.146534 0.0988395
0 0.104565 0.111108 0.125142 0.123457
0 0.0322927 0.159239 0.0210627 0.0298956
0 0.0767828 0.0982292 0.077246 0.0699158
0 0.115728 0.0810704 0.0330995 0.110776
0 0.130177 0.110836 0.133919 0.125034
0 0.166999 0.135755 0.34178 0.142524
0 0.100164 0.101093 0.12471 0.0988972
0 0.514783 0.686268 0.634488 0.359452
0 0.0439981 0.0648716 0.0622802 0.0481811
0 0.162673 0.227391 0.149622 0.126667
0 0.083353 0.0713402 0.127724 0.0891959
0 0.134535 0.101623 0.162159 0.109234
0 0.106596 0.246928 0.0609413 0.127181
0 0.118951 0.0855358 0.0670932 0.10099
0 0.120247 0.212673 0.0299866 0.104402
0 0.0870959 0.107702 0.203443 0.0838211
0 0.103285 0.114162 0.120186 0.103812
0 0.0671682 0.219769 0.060752 0.0565917
0 0.1323 0.110978 0.101014 0.121381
0 0.208914 0.121037 0.0989223 0.191023
0 0.151359 0.143869 0.119957 0.147508
0 0.187761 0.15613 0.0624841 0.189514
0 0.419886 0.306215 0.334953 0.412502
0 0.124776 0.147085 0.210451 0.131948
0 0.151205 0.125859 0.182977 0.151698
0 0.109941 0.0791783 0.172713 0.107549
0 0.0718106 0.119291 0.0863228 0.065112
0 0.143776 0.0630175 0.126331 0.113749
0 0.0548869 0.12228 0.0783178 0.0606773
0 0.120845 0.100123 0.120647 0.0920191
0 0.35433 0.734587 0.317865 0.386687
0 0.3612 0.317353 0.343672 0.353128
0 0.135362 0.286926 0.17756 0.164249
0 0.197995 0.150646 0.0657309 0.189062
0 0.178238 0.164377 0.175859 0.152916
0 0.172045 0.154037 0.140567 0.183351
0 0.101604 0.0871741 0.0800157 0.0785649
0 0.637135 0.583329 0.668399 0.579781
0 0.139766 0.134846 0.121098 0.116008
0 0.135132 0.127097 0.163017 0.141955
0 0.0931097 0.0775875 0.103927 0.0785441
0 0.284428 0.324107 0.292886 0.20012
0 0.186927 0.405295 0.229671 0.207005
0 0.1789 0.151559 0.29108 0.182686
0 0.100084 0.140132 0.0722885 0.0982
0 0.0956942 0.119794 0.079649 0.111759
0 0.13837 0.193505 0.28263 0.128255
0 0.150337 0.115792 0.155447 0.147026
0 0.167689 0.165761 0.141684 0.182848
0 0.206251 0.118329 0.0487681 0.162611
0 0.613578 0.938669 0.710948 0.711922
0 0.155193 0.130165 0.190488 0.144284
0 0.0530627 0.0702803 0.0384722 0.0472862
0 0.0730466 0.122002 0.0935073 0.058437
0 0.0450546 0.0680662 0.0558606 0.0383569
0 0.25717 0.130039 0.131524 0.228553
0 0.129999 0.107703 0.0575449 0.112436
0 0.146305 0.130152 0.197691 0.14495
0 0.151529 0.130873 0.217636 0.138951
0 0.130918 0.119849 0.156225 0.119267
0 0.0644314 0.0509783 0.0493079 0.04966
0 0.261078 0.158201 0.183293 0.252067
0 0.469228 0.290429 0.342532 0.373976
0 0.136642 0.0838064 0.0625375 0.110402
0 0.122196 0.113205 0.183207 0.125041
0 0.595784 0.596712 0.405987 0.574514
0 0.108373 0.0837625 0.0453296 0.0838608
0 0.0572831 0.0999293 0.0528924 0.0584254
0 0.136131 0.101031 0.236898 0.122393
0 0.0652061 0.0825434 0.214724 0.0938432
0 0.0796187 0.105769 0.067355 0.0902485
0 0.193162 0.203972 0.354432 0.215607
0 0.235524 0.148778 0.22727 0.213347
0 0.072211 0.0741168 0.0586673 0.0717251
0 0.229514 0.238233 0.166324 0.234859
0 0.122307 0.0965767 0.119958 0.125553
0 0.203234 0.158627 0.126512 0.17532
0 0.0828133 0.0777882 0.0446202 0.0838686
0 0.16799 0.144029 0.149347 0.183785
0 0.195469 0.109611 0.133307 0.182803
0 0.104481 0.0843633 0.13798 0.0992748
0 0.0636414 0.0957124 0.051966 0.0679074
0 0.104262 0.0948694 0.049184 0.0625756
0 0.0735564 0.124414 0.0674199 0.0688492
0 0.0783226 0.0755786 0.0589846 0.0683081
0 0.107015 0.0939428 0.117591 0.107397
0 0.0886625 0.10499 0.067949 0.0721488
0 0.0597703 0.102814 0.138123 0.0590791
0 0.0734653 0.092941 0.118047 0.0898842
0 0.164952 0.135771 0.0993022 0.142646
0 0.0924929 0.153692 0.0652791 0.0815227
0 0.0535977 0.197107 0.178038 0.0449339
0 0.203851 0.0833522 0.0359018 0.138352
0 0.130653 0.19881 0.0479149 0.152067
0 0.191397 0.206367 0.21908 0.172242
0 0.0768112 0.338569 0.073829 0.0610545
0 0.119744 0.131499 0.0847845 0.11088
0 0.205255 0.130782 0.0880257 0.197448
0 0.0988184 0.123784 0.0813754 0.111657
0 0.165417 0.117765 0.073517 0.161157
0 0.135261 0.191022 0.2191 0.167473
0 0.153478 0.205946 0.0976135 0.138526
0 0.190836 0.261371 0.227771 0.20789
0 0.130618 0.102191 0.106748 0.144516
0 0.116683 0.111973 0.0671938 0.118404
0 0.0968592 0.0807794 0.278473 0.0751514
0 0.0556828 0.0630787 0.0533773 0.0413499
0 0.140792 0.142727 0.141489 0.143718
0 0.157321 0.108408 0.136963 0.145666
0 0.062339 0.082017 0.149822 0.0545997
0 0.0735 0.192722 0.102873 0.104155
0 0.27965 0.206463 0.225903 0.275489
0 0.109182 0.133176 0.121974 0.122772
0 0.0483804 0.0695546 0.0636845 0.0548316
0 0.253383 0.697602 0.24317 0.306913
0 0.187149 0.173284 0.160867 0.195225
0 0.114403 0.136934 0.0753988 0.121747
0 0.0744923 0.0760351 0.0749059 0.058886
0 0.261302 0.163487 0.116542 0.20978
0 0.134125 0.222239 0.315539 0.215125
0 0.203558 0.190983 0.263754 0.209926
0 0.123137 0.120322 0.112157 0.137198
0 0.0724645 0.0798213 0.090073 0.0644102
0 0.102741 0.128538 0.116636 0.112484
0 0.100632 0.0846794 0.101793 0.106289
0 0.106824 0.0891479 0.076942 0.0998768
0 0.186268 0.148091 0.108775 0.162811
0 0.24603 0.100347 0.146034 0.20296
0 0.243327 0.157597 0.315717 0.23708
0 0.144288 0.132413 0.0764674 0.108773
0 0.22396 0.196417 0.162977 0.260015
0 0.0775701 0.132298 0.121673 0.0712334
0 0.371914 0.457942 0.419143 0.470739
0 0.250068 0.352462 0.156962 0.305152
0 0.868155 0.988333 0.746052 0.856153
0 0.0958845 0.242241 0.117238 0.0974008
0 0.0465324 0.0698833 0.0636794 0.0390822
0 0.0489883 0.104842 0.0646607 0.0615869
0 0.0822802 0.0781289 0.0932973 0.0752556
0 0.107273 0.0928734 0.105644 0.125023
0 0.148599 0.155165 0.184506 0.160447
0 0.172549 0.154479 0.164801 0.193239
0 0.125365 0.117641 0.149975 0.113999
0 0.733316 0.724891 0.552519 0.641598
0 0.0905728 0.0927077 0.0738289 0.0878728
0 0.149594 0.141195 0.0620162 0.149058
0 0.0952929 0.119907 0.0794888 0.100211
0 0.146796 0.122872 0.136018 0.158766
0 0.127455 0.113254 0.0712514 0.113277
0 0.258493 0.134703 0.0659826 0.181136
0 0.0746647 0.065926 0.111464 0.0589561
0 0.0623865 0.161966 0.0923406 0.0637003
0 0.166312 0.180098 0.164281 0.210938
0 0.0548042 0.0942783 0.0846953 0.0731092
0 0.346958 0.278874 0.34579 0.382771
0 0.0900152 0.0709117 0.027853 0.0799644
0 0.22261 0.17584 0.188243 0.171818
0 0.135224 0.101852 0.0524425 0.0993668
0 0.0901321 0.101496 0.0801313 0.0965702
0 0.142805 0.0903013 0.135298 0.122037
0 0.12225 0.131745 0.0941653 0.133803
0 0.0980856 0.23562 0.135963 0.0955254
0 0.154527 0.145094 0.183471 0.285875
0 0.0547573 0.0952487 0.0727982 0.0776945
0 0.213655 0.124042 0.230374 0.139476
0 0.453673 0.301614 0.308932 0.323268
0 0.885496 0.643745 0.636316 0.86844
0 0.0492451 0.0900775 0.0311431 0.0409235
0 0.0893424 0.0795137 0.107226 0.0886268
0 0.150765 0.193093 0.0933611 0.132121
0 0.127185 0.254648 0.156183 0.121878
0 0.0556188 0.055128 0.129704 0.0490614
0 0.140709 0.12347 0.10011 0.168986
0 0.0393697 0.0646726 0.0451109 0.0435639
0 0.445481 0.723893 0.407056 0.488768
0 0.0238494 0.0565651 0.0351868 0.0206255
0 0.0856759 0.0739884 0.032868 0.0733088
0 0.0749888 0.187005 0.201738 0.0963938
0 0.19812 0.109496 0.112873 0.165786
0 0.36355 0.255352 0.177192 0.359975
0 0.781935 0.67769 0.829909 0.757937
0 0.102933 0.126983 0.322347 0.127288
0 0.171074 0.281324 0.165876 0.225123
0 0.0635868 0.076997 0.0880035 0.0546555
0 0.0841863 0.106965 0.0941298 0.0589842
0 0.0929139 0.0761115 0.0923074 0.0749898
0 0.150516 0.177634 0.296891 0.156004
0 0.0909929 0.490157 0.278064 0.086312
0 0.0261439 0.0622939 0.0440536 0.0137095
0 0.144308 0.129499 0.166135 0.14115
0 0.234991 0.126762 0.117911 0.209269
0 0.145522 0.316869 0.144024 0.098887
0 0.370931 0.445056 0.299978 0.391932
0 0.35514 0.306216 0.292174 0.342414
0 0.0674118 0.0990123 0.200791 0.0761904
0 0.0702693 0.077332 0.0398524 0.0748326
0 0.0765903 0.125362 0.112321 0.0683228
0 0.76681 0.619712 0.749727 0.730644
0 0.0452812 0.0913093 0.06257 0.0443118
0 0.764128 0.998537 0.755222 0.914024
0 0.118802 0.309276 0.073539 0.0894494
0 0.0760886 0.0849071 0.0847747 0.0450741
0 0.162337 0.104064 0.155133 0.140253
0 0.307854 0.450688 0.269082 0.353985
0 0.040827 0.0834467 0.116164 0.0396475
0 0.274156 0.299659 0.471439 0.221391
0 0.111835 0.0835789 0.0762779 0.105403
0 0.152127 0.140113 0.19878 0.138096
0 0.0637925 0.0770478 0.0552536 0.042339
0 0.0873354 0.0783566 0.159104 0.0939078
0 0.27778 0.177395 0.240307 0.209793
0 0.0960805 0.112826 0.0937369 0.0966418
0 0.103287 0.128698 0.213574 0.116116
0 0.131835 0.115965 0.0455962 0.184213
0 0.182249 0.157862 0.102969 0.188643
0 0.0791845 0.112092 0.0850792 0.0645445
0 0.175806 0.199861 0.095758 0.194021
0 0.0497237 0.10043 0.0850934 0.0305042
0 0.245265 0.138569 0.289368 0.196008
0 0.0440179 0.0234428 1.47303e-006 0.136229
0 0.135728 0.144816 0.213675 0.153078
0 0.684236 0.620896 0.382137 0.650614
0 0.13065 0.129095 0.0802004 0.139356
0 0.0729165 0.0790336 0.127269 0.074131
0 0.0773305 0.0660404 0.0886329 0.0616473
0 0.163757 0.122747 0.0822963 0.148249
0 0.119593 0.0976994 0.0999438 0.104854
0 0.204847 0.183635 0.157683 0.21911
0 0.0563807 0.0812402 0.0360766 0.0683179
0 0.0796862 0.108353 0.0830366 0.0853561
0 0.206297 0.110299 0.130533 0.186444
0 0.101766 0.207632 0.0327202 0.0721108
0 0.105591 0.0753968 0.131929 0.0990584
0 0.125996 0.0785044 0.0536195 0.0916935
0 0.257456 0.195201 0.353061 0.332762
0 0.086952 0.117521 0.0707519 0.0946421
0 0.160755 0.126981 0.0901444 0.161973
0 0.0918784 0.0682918 0.113664 0.0821861
0 0.0803858 0.0746807 0.111238 0.0694232
0 0.686582 0.42943 0.488889 0.593595
0 0.263265 0.349391 0.27709 0.277996
0 0.174623 0.268184 0.110849 0.138339
0 0.195015 0.169706 0.207044 0.145141
0 0.103181 0.0831255 0.105795 0.0844151
0 0.0541487 0.0899144 0.0343569 0.0503951
0 0.0644218 0.0926764 0.100597 0.0741562
0 0.136737 0.0935172 0.128019 0.123453
0 0.122503 0.102306 0.143609 0.119064
0 0.0278063 0.0787596 0.0536595 0.0356285
0 0.0881711 0.106711 0.209558 0.0700665
0 0.0785297 0.105265 0.0618809 0.0900312
0 0.0955966 0.124632 0.0794455 0.102577
0 0.171805 0.223789 0.164039 0.170449
0 0.940213 0.979807 0.761806 0.936021
0 0.0613896 0.0583331 0.0559717 0.0623277
0 0.183661 0.177822 0.164433 0.14214
0 0.180014 0.138826 0.168532 0.168149
0 0.0780492 0.140406 0.0982654 0.0552011
0 0.194661 0.207917 0.306359 0.199998
0 0.0382944 0.0579833 0.0637853 0.0343064
0 0.86045 0.963943 0.816968 0.884437
0 0.263378 0.707745 0.308236 0.248766
0 0.189395 0.155439 0.0914197 0.212605
0 0.126712 0.09837 0.0649455 0.114315
0 0.0455083 0.0591352 0.0520643 0.0444199
0 0.162957 0.284201 0.320099 0.144077
0 0.83389 0.901157 0.817003 0.826081
0 0.856926 0.790631 0.791426 0.876854
0 0.0559034 0.0709957 0.0241934 0.0504071
0 0.108377 0.105294 0.157838 0.0915569
0 0.184652 0.250239 0.12687 0.171759
0 0.0850609 0.0819354 0.0499029 0.0618954
0 0.0773679 0.0735479 0.0967825 0.0447612
0 0.0278957 0.0838773 0.0753827 0.041818
0 0.0856449 0.11112 0.158172 0.0770562
0 0.0848702 0.0986226 0.137428 0.123326
0 0.0306233 0.139471 0.0720882 0.0464459
0 0.120774 0.1556 0.117144 0.104878
0 0.20651 0.170524 0.14566 0.208999
0 0.0525006 0.08531 0.0882275 0.0530154
0 0.0611659 0.0795821 0.136677 0.0535325
0 0.247211 0.164757 0.306812 0.263778
0 0.0886318 0.104163 0.0683268 0.129467
0 0.295291 0.268676 0.447455 0.330438
0 0.091736 0.0933398 0.0963829 0.0939919
0 0.0471541 0.0688439 0.0752336 0.0398784
0 0.0967686 0.0898656 0.137333 0.0856765
0 0.177501 0.207232 0.264807 0.16133
0 0.0665123 0.0886872 0.081332 0.0704694
0 0.0610951 0.0805283 0.0472824 0.0712974
0 0.0301018 0.073796 0.062554 0.0397381
0 0.140157 0.0974937 0.040582 0.105083
0 0.916365 0.9388 0.861044 0.906081
0 0.169016 0.170709 0.171884 0.155166
0 0.113413 0.0694057 0.080007 0.0917043
0 0.246456 0.227814 0.178147 0.207308
0 0.127362 0.112811 0.20808 0.169368
0 0.0899461 0.078163 0.059609 0.0875275
0 0.0804825 0.166223 0.107349 0.0712419
0 0.0946256 0.120083 0.115868 0.0741794
0 0.876 0.989607 0.831488 0.836787
0 0.22161 0.141311 0.126906 0.221513
0 0.0922526 0.123264 0.140252 0.117643
0 0.6293 0.822145 0.426099 0.636219
0 0.0404161 0.0828728 0.114772 0.0426408
0 0.0724286 0.142024 0.0861298 0.0667963
0 0.0714629 0.0775921 0.0636025 0.0570083
0 0.169903 0.113061 0.0949635 0.147359
0 0.075337 0.089068 0.0818347 0.0822746
