real_label pos_prob
1 0.546131
1 0.871661
1 0.658741
1 0.550896
1 0.376055
1 0.567942
1 0.732569
1 0.614912
1 0.440635
1 0.535762
1 0.0611241
1 0.514713
1 0.208142
1 0.159565
1 0.711173
1 0.650105
1 0.169442
1 0.835391
1 0.963159
1 0.902286
1 0.141593
1 0.940205
1 0.152044
1 0.724964
1 0.891992
1 0.438839
1 0.867949
1 0.79241
1 0.876582
1 0.191802
1 0.733163
1 0.398107
1 0.789044
1 0.53601
1 0.0846871
1 0.0820438
1 0.732973
1 0.575794
1 0.789717
1 0.0726612
1 0.849765
1 0.356091
1 0.721407
1 0.7463
1 0.190418
1 0.565185
1 0.713468
1 0.20936
1 0.353033
1 0.771699
1 0.588661
1 0.643093
1 0.690471
1 0.456523
1 0.0921818
1 0.125744
1 0.0936109
1 0.508505
1 0.131049
1 0.70982
1 0.220731
1 0.834217
1 0.0819438
1 0.114186
1 0.849792
1 0.766948
1 0.630545
1 0.819033
1 0.40948
1 0.399025
1 0.536182
1 0.925149
1 0.80424
1 0.527654
1 0.570581
1 0.630111
1 0.141827
1 0.269502
1 0.932524
1 0.647501
1 0.3336
1 0.0769779
1 0.766486
1 0.869825
1 0.793364
1 0.161233
1 0.900164
1 0.0371313
1 0.643321
1 0.590024
1 0.735753
1 0.564291
1 0.557547
1 0.691695
1 0.132241
1 0.0834573
1 0.460313
1 0.863431
1 0.163094
1 0.0999227
1 0.582803
1 0.981338
1 0.564298
1 0.737681
1 0.219023
1 0.414957
1 0.283946
1 0.722875
1 0.132842
1 0.599203
1 0.642615
1 0.0835358
1 0.430601
1 0.68672
1 0.828333
1 0.887823
1 0.238121
1 0.275465
1 0.135902
1 0.749881
1 0.764542
1 0.519912
1 0.234916
1 0.956561
1 0.0752996
1 0.872314
1 0.347961
1 0.20066
1 0.728228
1 0.132179
1 0.654016
1 0.164024
1 0.607752
1 0.839378
1 0.911161
1 0.450621
1 0.304886
1 0.867131
1 0.0982754
1 0.594427
1 0.6153
1 0.756625
1 0.22024
1 0.481108
1 0.682074
1 0.718611
1 0.872053
1 0.124731
1 0.940354
1 0.771387
1 0.0617906
1 0.219216
1 0.979932
1 0.928632
1 0.897588
1 0.855545
1 0.785088
1 0.0908116
1 0.153959
1 0.0853478
1 0.538032
1 0.967207
1 0.828385
1 0.861946
1 0.824978
1 0.876571
1 0.342485
1 0.287438
1 0.527668
1 0.686063
1 0.208926
1 0.925169
1 0.551009
1 0.524657
1 0.48437
1 0.0361477
1 0.794793
1 0.0188541
1 0.954887
1 0.317403
1 0.654996
1 0.697988
1 0.402922
1 0.805918
1 0.475067
1 0.172999
1 0.886249
1 0.5
1 0.505185
1 0.820981
1 0.795521
1 0.85671
1 0.657432
1 0.779972
1 0.766742
1 0.841611
1 0.904266
1 0.5
1 0.185279
1 0.851092
1 0.0294368
1 0.924963
1 0.575969
1 0.698247
1 0.482822
1 0.692598
1 0.870599
1 0.543348
1 0.513764
1 0.0898184
1 0.799823
1 0.109789
1 0.776254
1 0.877269
1 0.0806189
1 0.613009
1 0.53657
1 0.245909
1 0.778841
1 0.800852
1 0.160288
1 0.783103
1 0.818645
1 0.798405
1 0.942477
1 0.0437737
1 0.791631
1 0.898211
1 0.764156
1 0.517241
1 0.807913
1 0.415926
1 0.770586
1 0.897874
1 0.173341
1 0.952502
1 0.92684
1 0.138507
1 0.776998
1 0.759295
1 0.264715
1 0.179036
1 0.812116
1 0.941238
1 0.527654
1 0.0690386
1 0.190136
1 0.0171667
1 0.851359
1 0.977143
1 0.0992421
1 0.413607
1 0.767363
1 0.741656
1 0.966275
1 0.311997
1 0.899692
1 0.351762
1 0.988937
1 0.31844
1 0.0517468
1 0.766513
1 0.160908
1 0.394848
1 0.979266
1 0.0791144
1 0.493943
1 0.745904
1 0.0691751
1 0.778067
1 0.0191212
1 0.246948
1 0.880616
1 0.357045
1 0.944899
1 0.886295
1 0.966777
1 0.693365
1 0.0469362
1 0.563643
0 0.126751
0 0.1499
0 0.140318
0 0.102169
0 0.121551
0 0.24552
0 0.101017
0 0.0464462
0 0.0828567
0 0.149818
0 0.175785
0 0.115164
0 0.112263
0 0.264382
0 0.081149
0 0.104104
0 0.129878
0 0.1683
0 0.0319938
0 0.221884
0 0.136156
0 0.169643
0 0.104183
0 0.0856825
0 0.207365
0 0.176246
0 0.1527
0 0.10687
0 0.17252
0 0.203874
0 0.127855
0 0.317732
0 0.0653848
0 0.182657
0 0.0944724
0 0.130601
0 0.0984856
0 0.466834
0 0.213319
0 0.0633862
0 0.140036
0 0.0694746
0 0.129898
0 0.161313
0 0.0943752
0 0.143224
0 0.125587
0 0.125377
0 0.122392
0 0.657502
0 0.290638
0 0.106465
0 0.16872
0 0.099988
0 0.107001
0 0.200414
0 0.0785288
0 0.120433
0 0.130138
0 0.124639
0 0.216825
0 0.160477
0 0.606674
0 0.132534
0 0.0779261
0 0.291203
0 0.344956
0 0.0480428
0 0.0533771
0 0.143975
0 0.192346
0 0.0606414
0 0.562315
0 0.461628
0 0.355942
0 0.11168
0 0.101124
0 0.331411
0 0.155773
0 0.229689
0 0.0880499
0 0.194321
0 0.0919281
0 0.413236
0 0.145213
0 0.135495
0 0.115514
0 0.128535
0 0.904561
0 0.191845
0 0.237379
0 0.0781191
0 0.557977
0 0.191925
0 0.278554
0 0.132512
0 0.0726611
0 0.13271
0 0.145931
0 0.266669
0 0.181049
0 0.229928
0 0.118631
0 0.155732
0 0.35438
0 0.110932
0 0.111725
0 0.168427
0 0.0980923
0 0.0410041
0 0.826755
0 0.140682
0 0.272399
0 0.134117
0 0.194237
0 0.9128
0 0.103731
0 0.0696302
0 0.109248
0 0.148823
0 0.0980051
0 0.156003
0 0.114633
0 0.136799
0 0.0752588
0 0.112591
0 0.180667
0 0.104553
0 0.0900793
0 0.0818949
0 0.116216
0 0.179571
0 0.208279
0 0.139804
0 0.113961
0 0.193687
0 0.197921
0 0.123107
0 0.09278
0 0.159851
0 0.0461803
0 0.06208
0 0.0520295
0 0.18492
0 0.185866
0 0.147586
0 0.108145
0 0.129715
0 0.0414163
0 0.172153
0 0.226845
0 0.0857199
0 0.0666607
0 0.105893
0 0.200571
0 0.0606731
0 0.0790578
0 0.127498
0 0.0646673
0 0.114229
0 0.334335
0 0.176848
0 0.105454
0 0.925125
0 0.0493213
0 0.564327
0 0.16748
0 0.0954989
0 0.553183
0 0.8978
0 0.269082
0 0.033656
0 0.0841982
0 0.119053
0 0.118582
0 0.096862
0 0.209726
0 0.128408
0 0.179605
0 0.276361
0 0.11078
0 0.154629
0 0.0828419
0 0.101981
0 0.140697
0 0.118574
0 0.253554
0 0.779112
0 0.111575
0 0.139664
0 0.0345063
0 0.133172
0 0.101116
0 0.175225
0 0.177198
0 0.0681422
0 0.0367454
0 0.135859
0 0.0818405
0 0.115481
0 0.0941799
0 0.135879
0 0.160594
0 0.0295293
0 0.110096
0 0.138827
0 0.100431
0 0.708832
0 0.0904292
0 0.0527102
0 0.105401
0 0.0648666
0 0.108325
0 0.091888
0 0.105542
0 0.0940299
0 0.0939662
0 0.177649
0 0.3173
0 0.0760323
0 0.0735205
0 0.0499641
0 0.0949997
0 0.131206
0 0.106581
0 0.140946
0 0.110696
0 0.0916071
0 0.199805
0 0.0668873
0 0.11788
0 0.23062
0 0.229508
0 0.0706399
0 0.151023
0 0.229835
0 0.170608
0 0.134931
0 0.963306
0 0.17442
0 0.119076
0 0.0470975
0 0.107992
0 0.0348268
0 0.147567
0 0.299651
0 0.10004
0 0.12873
0 0.126443
0 0.101819
0 0.0673906
0 0.104894
0 0.204505
0 0.772269
0 0.375968
0 0.0758661
0 0.16802
0 0.18681
0 0.0677783
0 0.181851
0 0.182656
0 0.177034
0 0.181101
0 0.141655
0 0.152154
0 0.0819499
0 0.173426
0 0.0559703
0 0.108914
0 0.10173
0 0.0223816
0 0.274728
0 0.201852
0 0.0441127
0 0.0398898
0 0.132143
0 0.236772
0 0.408702
0 0.10997
0 0.0415391
0 0.0747868
0 0.205224
0 0.0838165
0 0.153336
0 0.117977
0 0.0854269
0 0.193726
0 0.112692
0 0.201162
0 0.0528002
0 0.187169
0 0.0525839
0 0.0897564
0 0.114752
0 0.147487
0 0.0564889
0 0.46535
0 0.038251
0 0.220447
0 0.11148
0 0.0715001
0 0.0789811
0 0.156167
0 0.110766
0 0.0874036
0 0.115324
0 0.071778
0 0.681025
0 0.205258
0 0.0944875
0 0.340937
0 0.146352
0 0.03316
0 0.429495
0 0.12515
0 0.071251
0 0.103109
0 0.206396
0 0.219296
0 0.109983
0 0.123438
0 0.037703
0 0.899502
0 0.29994
0 0.10658
0 0.118393
0 0.111823
0 0.120613
0 0.0718746
0 0.185306
0 0.2776
0 0.0964403
0 0.0246667
0 0.323163
0 0.242786
0 0.0521814
0 0.089356
0 0.14185
0 0.113252
0 0.0863456
0 0.0602947
0 0.231976
0 0.633638
0 0.147607
0 0.0895674
0 0.148043
0 0.125296
0 0.0280954
0 0.0828989
0 0.178574
0 0.186585
0 0.0720566
0 0.0795505
0 0.123535
0 0.20724
0 0.0667192
0 0.1896
0 0.0851818
0 0.116606
0 0.0722671
0 0.056292
0 0.0842512
0 0.0755849
0 0.0896668
0 0.165623
0 0.292745
0 0.0808898
0 0.0968454
0 0.0691521
0 0.0396935
0 0.199315
0 0.0996868
0 0.0906787
0 0.213511
0 0.0878444
0 0.125926
0 0.0689808
0 0.127407
0 0.111307
0 0.16725
0 0.132926
0 0.148604
0 0.181123
0 0.0816161
0 0.167325
0 0.542279
0 0.0661046
0 0.0967872
0 0.09882
0 0.223232
0 0.0879528
0 0.922576
0 0.107278
0 0.154422
0 0.120242
0 0.092697
0 0.0873414
0 0.0870113
0 0.199476
0 0.0357617
0 0.103616
0 0.320441
0 0.080224
0 0.130223
0 0.0882382
0 0.171088
0 0.13416
0 0.102938
0 0.155682
0 0.0691532
0 0.157589
0 0.414354
0 0.077042
0 0.0780787
0 0.325042
0 0.722337
0 0.0887467
0 0.150253
0 0.15935
0 0.0908088
0 0.153694
0 0.196682
0 0.119735
0 0.111519
0 0.172574
0 0.323386
0 0.0928741
0 0.0978521
0 0.104565
0 0.0322927
0 0.0767828
0 0.115728
0 0.130177
0 0.166999
0 0.100164
0 0.514783
0 0.0439981
0 0.162673
0 0.083353
0 0.134535
0 0.106596
0 0.118951
0 0.120247
0 0.0870959
0 0.103285
0 0.0671682
0 0.1323
0 0.208914
0 0.151359
0 0.187761
0 0.419886
0 0.124776
0 0.151205
0 0.109941
0 0.0718106
0 0.143776
0 0.0548869
0 0.120845
0 0.35433
0 0.3612
0 0.135362
0 0.197995
0 0.178238
0 0.172045
0 0.101604
0 0.637135
0 0.139766
0 0.135132
0 0.0931097
0 0.284428
0 0.186927
0 0.1789
0 0.100084
0 0.0956942
0 0.13837
0 0.150337
0 0.167689
0 0.206251
0 0.613578
0 0.155193
0 0.0530627
0 0.0730466
0 0.0450546
0 0.25717
0 0.129999
0 0.146305
0 0.151529
0 0.130918
0 0.0644314
0 0.261078
0 0.469228
0 0.136642
0 0.122196
0 0.595784
0 0.108373
0 0.0572831
0 0.136131
0 0.0652061
0 0.0796187
0 0.193162
0 0.235524
0 0.072211
0 0.229514
0 0.122307
0 0.203234
0 0.0828133
0 0.16799
0 0.195469
0 0.104481
0 0.0636414
0 0.104262
0 0.0735564
0 0.0783226
0 0.107015
0 0.0886625
0 0.0597703
0 0.0734653
0 0.164952
0 0.0924929
0 0.0535977
0 0.203851
0 0.130653
0 0.191397
0 0.0768112
0 0.119744
0 0.205255
0 0.0988184
0 0.165417
0 0.135261
0 0.153478
0 0.190836
0 0.130618
0 0.116683
0 0.0968592
0 0.0556828
0 0.140792
0 0.157321
0 0.062339
0 0.0735
0 0.27965
0 0.109182
0 0.0483804
0 0.253383
0 0.187149
0 0.114403
0 0.0744923
0 0.261302
0 0.134125
0 0.203558
0 0.123137
0 0.0724645
0 0.102741
0 0.100632
0 0.106824
0 0.186268
0 0.24603
0 0.243327
0 0.144288
0 0.22396
0 0.0775701
0 0.371914
0 0.250068
0 0.868155
0 0.0958845
0 0.0465324
0 0.0489883
0 0.0822802
0 0.107273
0 0.148599
0 0.172549
0 0.125365
0 0.733316
0 0.0905728
0 0.149594
0 0.0952929
0 0.146796
0 0.127455
0 0.258493
0 0.0746647
0 0.0623865
0 0.166312
0 0.0548042
0 0.346958
0 0.0900152
0 0.22261
0 0.135224
0 0.0901321
0 0.142805
0 0.12225
0 0.0980856
0 0.154527
0 0.0547573
0 0.213655
0 0.453673
0 0.885496
0 0.0492451
0 0.0893424
0 0.150765
0 0.127185
0 0.0556188
0 0.140709
0 0.0393697
0 0.445481
0 0.0238494
0 0.0856759
0 0.0749888
0 0.19812
0 0.36355
0 0.781935
0 0.102933
0 0.171074
0 0.0635868
0 0.0841863
0 0.0929139
0 0.150516
0 0.0909929
0 0.0261439
0 0.144308
0 0.234991
0 0.145522
0 0.370931
0 0.35514
0 0.0674118
0 0.0702693
0 0.0765903
0 0.76681
0 0.0452812
0 0.764128
0 0.118802
0 0.0760886
0 0.162337
0 0.307854
0 0.040827
0 0.274156
0 0.111835
0 0.152127
0 0.0637925
0 0.0873354
0 0.27778
0 0.0960805
0 0.103287
0 0.131835
0 0.182249
0 0.0791845
0 0.175806
0 0.0497237
0 0.245265
0 0.0440179
0 0.135728
0 0.684236
0 0.13065
0 0.0729165
0 0.0773305
0 0.163757
0 0.119593
0 0.204847
0 0.0563807
0 0.0796862
0 0.206297
0 0.101766
0 0.105591
0 0.125996
0 0.257456
0 0.086952
0 0.160755
0 0.0918784
0 0.0803858
0 0.686582
0 0.263265
0 0.174623
0 0.195015
0 0.103181
0 0.0541487
0 0.0644218
0 0.136737
0 0.122503
0 0.0278063
0 0.0881711
0 0.0785297
0 0.0955966
0 0.171805
0 0.940213
0 0.0613896
0 0.183661
0 0.180014
0 0.0780492
0 0.194661
0 0.0382944
0 0.86045
0 0.263378
0 0.189395
0 0.126712
0 0.0455083
0 0.162957
0 0.83389
0 0.856926
0 0.0559034
0 0.108377
0 0.184652
0 0.0850609
0 0.0773679
0 0.0278957
0 0.0856449
0 0.0848702
0 0.0306233
0 0.120774
0 0.20651
0 0.0525006
0 0.0611659
0 0.247211
0 0.0886318
0 0.295291
0 0.091736
0 0.0471541
0 0.0967686
0 0.177501
0 0.0665123
0 0.0610951
0 0.0301018
0 0.140157
0 0.916365
0 0.169016
0 0.113413
0 0.246456
0 0.127362
0 0.0899461
0 0.0804825
0 0.0946256
0 0.876
0 0.22161
0 0.0922526
0 0.6293
0 0.0404161
0 0.0724286
0 0.0714629
0 0.169903
0 0.075337
