real_label pos_prob
1 0.655294
1 0.841475
1 0.623762
1 0.623391
1 0.509177
1 0.579822
1 0.719271
1 0.614651
1 0.523956
1 0.547744
1 0.0909776
1 0.595656
1 0.203335
1 0.153664
1 0.768231
1 0.603091
1 0.195008
1 0.902251
1 0.964636
1 0.914267
1 0.112207
1 0.946946
1 0.202693
1 0.788524
1 0.90655
1 0.493636
1 0.892449
1 0.818578
1 0.938888
1 0.0981243
1 0.770057
1 0.507894
1 0.817753
1 0.51172
1 0.080399
1 0.0949529
1 0.726432
1 0.644674
1 0.856795
1 0.0535913
1 0.874792
1 0.483113
1 0.850807
1 0.793074
1 0.239635
1 0.56822
1 0.725148
1 0.198906
1 0.382888
1 0.758833
1 0.693518
1 0.75379
1 0.770478
1 0.585271
1 0.0766017
1 0.0755553
1 0.0914766
1 0.552904
1 0.149674
1 0.723021
1 0.202004
1 0.874484
1 0.0915956
1 0.138868
1 0.896122
1 0.702826
1 0.594615
1 0.858291
1 0.416709
1 0.474585
1 0.487959
1 0.90147
1 0.810493
1 0.612641
1 0.528205
1 0.657815
1 0.113074
1 0.296856
1 0.950177
1 0.58194
1 0.224327
1 0.0656309
1 0.810718
1 0.863205
1 0.801011
1 0.213277
1 0.735963
1 0.0329856
1 0.730192
1 0.602544
1 0.729455
1 0.595553
1 0.616145
1 0.683105
1 0.145941
1 0.0773792
1 0.470014
1 0.770233
1 0.116797
1 0.0916539
1 0.563789
1 0.969914
1 0.705862
1 0.834713
1 0.19708
1 0.505371
1 0.237474
1 0.799297
1 0.102096
1 0.530938
1 0.640422
1 0.0732941
1 0.527959
1 0.650844
1 0.788172
1 0.850108
1 0.241485
1 0.313563
1 0.118738
1 0.777599
1 0.759242
1 0.622671
1 0.291777
1 0.974817
1 0.072432
1 0.86472
1 0.375403
1 0.205119
1 0.627945
1 0.13596
1 0.766807
1 0.192071
1 0.624793
1 0.800412
1 0.912261
1 0.575259
1 0.233628
1 0.874065
1 0.0924758
1 0.548196
1 0.652289
1 0.687486
1 0.207504
1 0.561197
1 0.767218
1 0.776078
1 0.835476
1 0.112137
1 0.958233
1 0.867352
1 0.0628519
1 0.286644
1 0.953384
1 0.957079
1 0.8856
1 0.834295
1 0.77965
1 0.0747486
1 0.146079
1 0.0636887
1 0.558045
1 0.944609
1 0.876815
1 0.830715
1 0.828922
1 0.837994
1 0.340985
1 0.316596
1 0.520503
1 0.725508
1 0.171965
1 0.842815
1 0.635865
1 0.57918
1 0.574439
1 0.0446108
1 0.744623
1 0.0240861
1 0.964917
1 0.245331
1 0.790649
1 0.750019
1 0.438376
1 0.753073
1 0.425311
1 0.141856
1 0.894936
1 0.437295
1 0.550092
1 0.872971
1 0.826584
1 0.844853
1 0.549102
1 0.781751
1 0.838809
1 0.820864
1 0.926591
1 0.450631
1 0.124267
1 0.808123
1 0.0452881
1 0.916577
1 0.532148
1 0.763313
1 0.522478
1 0.690426
1 0.873892
1 0.576285
1 0.439903
1 0.125378
1 0.792503
1 0.126915
1 0.751187
1 0.890698
1 0.0841061
1 0.700788
1 0.552366
1 0.31036
1 0.805014
1 0.734464
1 0.130451
1 0.775161
1 0.858407
1 0.861045
1 0.954745
1 0.0418921
1 0.846563
1 0.881484
1 0.73752
1 0.755617
1 0.842614
1 0.449194
1 0.855442
1 0.892387
1 0.167818
1 0.960607
1 0.929635
1 0.125722
1 0.867172
1 0.807813
1 0.291637
1 0.198803
1 0.856304
1 0.937612
1 0.587964
1 0.059534
1 0.189707
1 0.0184875
1 0.883639
1 0.974017
1 0.101964
1 0.395899
1 0.791638
1 0.734917
1 0.950989
1 0.228793
1 0.895109
1 0.304269
1 0.984326
1 0.350575
1 0.0423568
1 0.754531
1 0.116893
1 0.405898
1 0.985959
1 0.0536749
1 0.54609
1 0.787414
1 0.0952245
1 0.837994
1 0.018271
1 0.226808
1 0.881309
1 0.338383
1 0.934338
1 0.919267
1 0.979529
1 0.752766
1 0.0375025
1 0.59768
0 0.13467
0 0.160084
0 0.136848
0 0.176886
0 0.107996
0 0.262242
0 0.110802
0 0.0386184
0 0.0885193
0 0.175837
0 0.147493
0 0.162391
0 0.0947891
0 0.348139
0 0.077049
0 0.0880291
0 0.109768
0 0.16479
0 0.0362959
0 0.186931
0 0.127748
0 0.131439
0 0.118043
0 0.0937701
0 0.11867
0 0.234211
0 0.149604
0 0.111464
0 0.18929
0 0.214241
0 0.136109
0 0.285761
0 0.0543686
0 0.177614
0 0.0795283
0 0.128536
0 0.0901587
0 0.46494
0 0.202688
0 0.0400721
0 0.128814
0 0.0948878
0 0.126096
0 0.151751
0 0.0727807
0 0.144194
0 0.129949
0 0.134208
0 0.126956
0 0.660549
0 0.197418
0 0.0674912
0 0.137705
0 0.0994847
0 0.0934146
0 0.162549
0 0.0848148
0 0.107521
0 0.164381
0 0.1166
0 0.184257
0 0.140105
0 0.650189
0 0.157484
0 0.0727432
0 0.214988
0 0.226836
0 0.0433235
0 0.0530455
0 0.145698
0 0.150968
0 0.0578656
0 0.60515
0 0.27241
0 0.289915
0 0.100975
0 0.101023
0 0.307143
0 0.137293
0 0.250101
0 0.056444
0 0.205595
0 0.0976315
0 0.448102
0 0.0908978
0 0.0691314
0 0.080887
0 0.103593
0 0.897489
0 0.194316
0 0.218282
0 0.0685595
0 0.427715
0 0.150926
0 0.223725
0 0.0993414
0 0.0653026
0 0.109
0 0.13289
0 0.266315
0 0.183642
0 0.239697
0 0.103862
0 0.196997
0 0.280335
0 0.127916
0 0.107857
0 0.20599
0 0.10596
0 0.028797
0 0.84632
0 0.140928
0 0.279069
0 0.149029
0 0.250352
0 0.892368
0 0.137789
0 0.0795002
0 0.116553
0 0.105313
0 0.125974
0 0.129302
0 0.0759043
0 0.154375
0 0.0814015
0 0.15721
0 0.211524
0 0.0956454
0 0.0748719
0 0.0613765
0 0.101445
0 0.150829
0 0.175259
0 0.120601
0 0.102917
0 0.196816
0 0.1895
0 0.105986
0 0.100577
0 0.118674
0 0.0455266
0 0.104353
0 0.0706843
0 0.15703
0 0.174469
0 0.158053
0 0.120838
0 0.0996806
0 0.0309958
0 0.199763
0 0.291008
0 0.0683378
0 0.0575045
0 0.0987007
0 0.217664
0 0.0652897
0 0.0623988
0 0.101952
0 0.0635265
0 0.158306
0 0.290166
0 0.178539
0 0.115746
0 0.930573
0 0.0593554
0 0.643089
0 0.180301
0 0.0549184
0 0.613979
0 0.918255
0 0.267319
0 0.0469039
0 0.0615003
0 0.13143
0 0.122846
0 0.0927509
0 0.173479
0 0.0883179
0 0.216149
0 0.209501
0 0.11445
0 0.145908
0 0.0825229
0 0.0935049
0 0.184043
0 0.108126
0 0.205428
0 0.75766
0 0.100849
0 0.149507
0 0.0292945
0 0.0820559
0 0.0806516
0 0.151864
0 0.186613
0 0.079158
0 0.0452328
0 0.10319
0 0.0804521
0 0.0821498
0 0.108467
0 0.113869
0 0.195625
0 0.0213579
0 0.0792062
0 0.1513
0 0.0801123
0 0.686962
0 0.0958378
0 0.0741053
0 0.149448
0 0.0582899
0 0.101063
0 0.0861557
0 0.0648636
0 0.0909529
0 0.0672051
0 0.152371
0 0.219036
0 0.0574141
0 0.0713524
0 0.0303025
0 0.0668567
0 0.12878
0 0.140912
0 0.126082
0 0.0866066
0 0.0790834
0 0.209892
0 0.0553933
0 0.137747
0 0.234393
0 0.246185
0 0.0855137
0 0.133224
0 0.192129
0 0.184766
0 0.116155
0 0.944848
0 0.160253
0 0.154651
0 0.0343712
0 0.155377
0 0.0436327
0 0.157727
0 0.604618
0 0.0997158
0 0.149053
0 0.122844
0 0.0901201
0 0.0357345
0 0.0936203
0 0.17349
0 0.840204
0 0.436758
0 0.0771701
0 0.170143
0 0.177996
0 0.0689287
0 0.144109
0 0.145681
0 0.16035
0 0.242169
0 0.144783
0 0.0969355
0 0.0650553
0 0.173544
0 0.044184
0 0.108482
0 0.088898
0 0.0237401
0 0.251858
0 0.193555
0 0.0403763
0 0.042245
0 0.158862
0 0.262028
0 0.5
0 0.117563
0 0.0762092
0 0.0802121
0 0.276242
0 0.0575917
0 0.166774
0 0.0718247
0 0.0692191
0 0.184345
0 0.0866223
0 0.188523
0 0.05109
0 0.173679
0 0.05875
0 0.0922473
0 0.108836
0 0.13006
0 0.0546928
0 0.53647
0 0.0339982
0 0.265971
0 0.134154
0 0.0539067
0 0.0703794
0 0.147937
0 0.10312
0 0.0914128
0 0.218815
0 0.0655848
0 0.645404
0 0.183998
0 0.115096
0 0.43677
0 0.147146
0 0.0274582
0 0.381687
0 0.0726125
0 0.0659494
0 0.12225
0 0.28975
0 0.126332
0 0.131094
0 0.121756
0 0.0313097
0 0.894679
0 0.368267
0 0.120331
0 0.136143
0 0.096233
0 0.127825
0 0.114402
0 0.173197
0 0.232577
0 0.122197
0 0.0345905
0 0.288189
0 0.329125
0 0.0678264
0 0.0837868
0 0.118649
0 0.131546
0 0.10416
0 0.0266335
0 0.19599
0 0.738013
0 0.154597
0 0.101036
0 0.255329
0 0.136061
0 0.0392365
0 0.0807506
0 0.125443
0 0.188272
0 0.068317
0 0.0725298
0 0.101979
0 0.213927
0 0.168766
0 0.202918
0 0.0942024
0 0.14321
0 0.0726575
0 0.0655683
0 0.089944
0 0.0906139
0 0.0650971
0 0.193344
0 0.217368
0 0.0868655
0 0.0734152
0 0.0910614
0 0.036616
0 0.207084
0 0.112664
0 0.0800256
0 0.241849
0 0.104029
0 0.121224
0 0.152106
0 0.151357
0 0.10348
0 0.184008
0 0.110958
0 0.152723
0 0.156974
0 0.0816554
0 0.130591
0 0.66385
0 0.0660614
0 0.125897
0 0.105817
0 0.238193
0 0.101114
0 0.885072
0 0.103202
0 0.170094
0 0.139717
0 0.0665364
0 0.108536
0 0.0705594
0 0.181822
0 0.0428489
0 0.172134
0 0.348631
0 0.0789213
0 0.129069
0 0.102559
0 0.160305
0 0.168142
0 0.117571
0 0.138686
0 0.050359
0 0.20231
0 0.422559
0 0.0885645
0 0.0707124
0 0.423476
0 0.683882
0 0.0909053
0 0.151641
0 0.1539
0 0.12403
0 0.169489
0 0.184005
0 0.113344
0 0.137291
0 0.190339
0 0.337193
0 0.0756996
0 0.0988395
0 0.123457
0 0.0298956
0 0.0699158
0 0.110776
0 0.125034
0 0.142524
0 0.0988972
0 0.359452
0 0.0481811
0 0.126667
0 0.0891959
0 0.109234
0 0.127181
0 0.10099
0 0.104402
0 0.0838211
0 0.103812
0 0.0565917
0 0.121381
0 0.191023
0 0.147508
0 0.189514
0 0.412502
0 0.131948
0 0.151698
0 0.107549
0 0.065112
0 0.113749
0 0.0606773
0 0.0920191
0 0.386687
0 0.353128
0 0.164249
0 0.189062
0 0.152916
0 0.183351
0 0.0785649
0 0.579781
0 0.116008
0 0.141955
0 0.0785441
0 0.20012
0 0.207005
0 0.182686
0 0.0982
0 0.111759
0 0.128255
0 0.147026
0 0.182848
0 0.162611
0 0.711922
0 0.144284
0 0.0472862
0 0.058437
0 0.0383569
0 0.228553
0 0.112436
0 0.14495
0 0.138951
0 0.119267
0 0.04966
0 0.252067
0 0.373976
0 0.110402
0 0.125041
0 0.574514
0 0.0838608
0 0.0584254
0 0.122393
0 0.0938432
0 0.0902485
0 0.215607
0 0.213347
0 0.0717251
0 0.234859
0 0.125553
0 0.17532
0 0.0838686
0 0.183785
0 0.182803
0 0.0992748
0 0.0679074
0 0.0625756
0 0.0688492
0 0.0683081
0 0.107397
0 0.0721488
0 0.0590791
0 0.0898842
0 0.142646
0 0.0815227
0 0.0449339
0 0.138352
0 0.152067
0 0.172242
0 0.0610545
0 0.11088
0 0.197448
0 0.111657
0 0.161157
0 0.167473
0 0.138526
0 0.20789
0 0.144516
0 0.118404
0 0.0751514
0 0.0413499
0 0.143718
0 0.145666
0 0.0545997
0 0.104155
0 0.275489
0 0.122772
0 0.0548316
0 0.306913
0 0.195225
0 0.121747
0 0.058886
0 0.20978
0 0.215125
0 0.209926
0 0.137198
0 0.0644102
0 0.112484
0 0.106289
0 0.0998768
0 0.162811
0 0.20296
0 0.23708
0 0.108773
0 0.260015
0 0.0712334
0 0.470739
0 0.305152
0 0.856153
0 0.0974008
0 0.0390822
0 0.0615869
0 0.0752556
0 0.125023
0 0.160447
0 0.193239
0 0.113999
0 0.641598
0 0.0878728
0 0.149058
0 0.100211
0 0.158766
0 0.113277
0 0.181136
0 0.0589561
0 0.0637003
0 0.210938
0 0.0731092
0 0.382771
0 0.0799644
0 0.171818
0 0.0993668
0 0.0965702
0 0.122037
0 0.133803
0 0.0955254
0 0.285875
0 0.0776945
0 0.139476
0 0.323268
0 0.86844
0 0.0409235
0 0.0886268
0 0.132121
0 0.121878
0 0.0490614
0 0.168986
0 0.0435639
0 0.488768
0 0.0206255
0 0.0733088
0 0.0963938
0 0.165786
0 0.359975
0 0.757937
0 0.127288
0 0.225123
0 0.0546555
0 0.0589842
0 0.0749898
0 0.156004
0 0.086312
0 0.0137095
0 0.14115
0 0.209269
0 0.098887
0 0.391932
0 0.342414
0 0.0761904
0 0.0748326
0 0.0683228
0 0.730644
0 0.0443118
0 0.914024
0 0.0894494
0 0.0450741
0 0.140253
0 0.353985
0 0.0396475
0 0.221391
0 0.105403
0 0.138096
0 0.042339
0 0.0939078
0 0.209793
0 0.0966418
0 0.116116
0 0.184213
0 0.188643
0 0.0645445
0 0.194021
0 0.0305042
0 0.196008
0 0.136229
0 0.153078
0 0.650614
0 0.139356
0 0.074131
0 0.0616473
0 0.148249
0 0.104854
0 0.21911
0 0.0683179
0 0.0853561
0 0.186444
0 0.0721108
0 0.0990584
0 0.0916935
0 0.332762
0 0.0946421
0 0.161973
0 0.0821861
0 0.0694232
0 0.593595
0 0.277996
0 0.138339
0 0.145141
0 0.0844151
0 0.0503951
0 0.0741562
0 0.123453
0 0.119064
0 0.0356285
0 0.0700665
0 0.0900312
0 0.102577
0 0.170449
0 0.936021
0 0.0623277
0 0.14214
0 0.168149
0 0.0552011
0 0.199998
0 0.0343064
0 0.884437
0 0.248766
0 0.212605
0 0.114315
0 0.0444199
0 0.144077
0 0.826081
0 0.876854
0 0.0504071
0 0.0915569
0 0.171759
0 0.0618954
0 0.0447612
0 0.041818
0 0.0770562
0 0.123326
0 0.0464459
0 0.104878
0 0.208999
0 0.0530154
0 0.0535325
0 0.263778
0 0.129467
0 0.330438
0 0.0939919
0 0.0398784
0 0.0856765
0 0.16133
0 0.0704694
0 0.0712974
0 0.0397381
0 0.105083
0 0.906081
0 0.155166
0 0.0917043
0 0.207308
0 0.169368
0 0.0875275
0 0.0712419
0 0.0741794
0 0.836787
0 0.221513
0 0.117643
0 0.636219
0 0.0426408
0 0.0667963
0 0.0570083
0 0.147359
0 0.0822746
