real_label pos_prob
1 0.717671
1 0.680064
1 0.622294
1 0.5
1 0.68863
1 0.627344
1 0.597788
1 0.333799
1 0.62076
1 0.688838
1 0.154317
1 0.597513
1 0.150189
1 0.275713
1 0.697676
1 0.703748
1 0.201726
1 0.654783
1 0.963877
1 0.81029
1 0.0825084
1 0.950436
1 0.110476
1 0.77298
1 0.945192
1 0.531728
1 0.90927
1 0.415553
1 0.87748
1 0.266164
1 0.874129
1 0.0698885
1 0.599272
1 0.374419
1 0.121941
1 0.134029
1 0.608412
1 0.626288
1 0.875934
1 0.127027
1 0.55074
1 0.473388
1 0.705148
1 0.827749
1 0.131004
1 0.710897
1 0.597595
1 0.184893
1 0.404884
1 0.723901
1 0.748762
1 0.689932
1 0.820855
1 0.399698
1 0.0446783
1 0.0192442
1 0.157315
1 0.341382
1 0.230642
1 0.77446
1 0.166905
1 0.912399
1 0.116235
1 0.182373
1 0.925026
1 0.893695
1 0.615199
1 0.914593
1 0.298298
1 0.417745
1 0.415656
1 0.970751
1 0.874275
1 0.488704
1 0.44588
1 0.622455
1 0.078578
1 0.36957
1 0.789338
1 0.768292
1 0.680717
1 0.0489523
1 0.848595
1 0.737226
1 0.689605
1 0.195148
1 0.423603
1 0.116728
1 0.949499
1 0.360895
1 0.743619
1 0.733003
1 0.747769
1 0.871953
1 0.0476262
1 0.103603
1 0.801331
1 0.733933
1 0.0420643
1 0.0918047
1 0.670119
1 0.824358
1 0.5
1 0.765865
1 0.119628
1 0.541583
1 0.257589
1 0.767163
1 0.0663292
1 0.363486
1 0.765108
1 0.121251
1 0.278162
1 0.5
1 0.552192
1 0.441228
1 0.23314
1 0.248271
1 0.160335
1 0.872124
1 0.782389
1 0.764465
1 0.321754
1 0.973629
1 0.126178
1 0.853411
1 0.398698
1 0.15166
1 0.794129
1 0.208872
1 0.585685
1 0.156557
1 0.306929
1 0.850552
1 0.950972
1 0.580722
1 0.122442
1 0.748328
1 0.152991
1 0.844039
1 0.506451
1 0.55422
1 0.19872
1 0.443028
1 0.868922
1 0.752102
1 0.58287
1 0.0595215
1 0.868789
1 0.818491
1 0.0361819
1 0.384184
1 0.765311
1 0.954061
1 0.63614
1 0.839619
1 0.387203
1 0.0818545
1 0.227265
1 0.0549215
1 0.645226
1 0.801009
1 0.85494
1 0.707644
1 0.739573
1 0.811376
1 0.290497
1 0.229479
1 0.354295
1 0.83107
1 0.320856
1 0.852496
1 0.192856
1 0.669822
1 0.687441
1 0.0191478
1 0.855378
1 0.0542745
1 0.963051
1 0.209278
1 0.729228
1 0.762239
1 0.380471
1 0.568121
1 0.339979
1 0.129865
1 0.952665
1 0.46627
1 0.351667
1 0.775636
1 0.651048
1 0.917965
1 0.721403
1 0.841413
1 0.82446
1 0.923294
1 0.974377
1 0.435526
1 0.148056
1 0.635709
1 0.0198359
1 0.872801
1 0.326675
1 0.87742
1 0.836705
1 0.62273
1 0.853816
1 0.491809
1 0.531183
1 0.252288
1 0.718402
1 0.121227
1 0.815957
1 0.87238
1 0.081912
1 0.739198
1 0.564367
1 0.273325
1 0.909386
1 0.839133
1 0.0808139
1 0.843029
1 0.685327
1 0.795165
1 0.934462
1 0.133168
1 0.775982
1 0.897726
1 0.810207
1 0.835221
1 0.703807
1 0.289385
1 0.901468
1 0.874247
1 0.236149
1 0.78636
1 0.966353
1 0.171787
1 0.5
1 0.560271
1 0.350593
1 0.150291
1 0.931494
1 0.944324
1 0.547306
1 0.0801144
1 0.294795
1 0.0640028
1 0.949673
1 0.630325
1 0.15815
1 0.399334
1 0.76311
1 0.667964
1 0.747019
1 0.236634
1 0.686211
1 0.452293
1 0.976375
1 0.696003
1 0.089791
1 0.646942
1 0.0943456
1 0.380058
1 0.947858
1 0.0826123
1 0.431307
1 0.711049
1 0.153854
1 0.794218
1 0.0847678
1 0.184468
1 0.853262
1 0.537656
1 0.81435
1 0.652929
1 0.867938
1 0.806613
1 0.0881513
1 0.690646
0 0.0835545
0 0.169372
0 0.151368
0 0.066936
0 0.0959537
0 0.230204
0 0.0511622
0 0.0340254
0 0.0862585
0 0.123834
0 0.37471
0 0.15089
0 0.155529
0 0.279054
0 0.0636687
0 0.0617565
0 0.0572874
0 0.140569
0 0.034625
0 0.22829
0 0.0479911
0 0.229023
0 0.220315
0 0.0974126
0 0.0925718
0 0.126985
0 0.0715205
0 0.1013
0 0.224304
0 0.352828
0 0.0540523
0 0.155707
0 0.0931821
0 0.124202
0 0.0668164
0 0.207248
0 0.208981
0 0.409683
0 0.16728
0 0.0346431
0 0.184502
0 0.0855914
0 0.146536
0 0.11143
0 0.13323
0 0.369892
0 0.0500521
0 0.0895865
0 0.194655
0 0.455455
0 0.133095
0 0.0471394
0 0.101068
0 0.108996
0 0.110255
0 0.182004
0 0.0752806
0 0.064291
0 0.13981
0 0.157232
0 0.166894
0 0.202852
0 0.424034
0 0.310061
0 0.0620373
0 0.228105
0 0.282471
0 0.050675
0 0.0774294
0 0.105593
0 0.207083
0 0.102314
0 0.520046
0 0.553382
0 0.319533
0 0.122087
0 0.0752487
0 0.264781
0 0.212684
0 0.124767
0 0.0434197
0 0.177268
0 0.0674422
0 0.390683
0 0.131754
0 0.0439252
0 0.115219
0 0.0525638
0 0.749849
0 0.532348
0 0.10848
0 0.125029
0 0.332077
0 0.197966
0 0.152115
0 0.0945123
0 0.151
0 0.124236
0 0.13744
0 0.101861
0 0.141009
0 0.0960398
0 0.33729
0 0.211145
0 0.280647
0 0.0941322
0 0.0523576
0 0.31792
0 0.0791532
0 0.0651871
0 0.838505
0 0.188074
0 0.251951
0 0.258009
0 0.327998
0 0.803849
0 0.0975225
0 0.158485
0 0.140262
0 0.102385
0 0.103611
0 0.200787
0 0.0843621
0 0.20865
0 0.0902455
0 0.095187
0 0.149008
0 0.0613705
0 0.0598376
0 0.0409238
0 0.114232
0 0.0939474
0 0.0350339
0 0.140275
0 0.111981
0 0.305451
0 0.0882991
0 0.137545
0 0.140103
0 0.054885
0 0.0397872
0 0.184585
0 0.0365777
0 0.0378877
0 0.135338
0 0.133798
0 0.0740383
0 0.159181
0 0.0382246
0 0.427338
0 0.316087
0 0.0521654
0 0.160052
0 0.0797234
0 0.35339
0 0.0811555
0 0.0873377
0 0.0831838
0 0.201774
0 0.355309
0 0.225625
0 0.230559
0 0.408814
0 0.949103
0 0.0802014
0 0.744283
0 0.164863
0 0.0364575
0 0.642283
0 0.868413
0 0.282805
0 0.0947956
0 0.0461876
0 0.0299907
0 0.0933536
0 0.121199
0 0.0980571
0 0.147273
0 0.264958
0 0.20259
0 0.139687
0 0.248515
0 0.0803376
0 0.0665874
0 0.150328
0 0.0507515
0 0.353097
0 0.756751
0 0.0329396
0 0.261066
0 0.0507868
0 0.204816
0 0.115061
0 0.0908653
0 0.346214
0 0.116228
0 0.0537785
0 0.101632
0 0.112471
0 0.139005
0 0.112613
0 0.0672574
0 0.306597
0 0.0149607
0 0.0811572
0 0.0689276
0 0.0959515
0 0.718939
0 0.0708236
0 0.151362
0 0.174849
0 0.0584406
0 0.20561
0 0.242988
0 0.0396126
0 0.104057
0 0.12632
0 0.227378
0 0.367118
0 0.0862436
0 0.105164
0 0.0213371
0 0.0593336
0 0.217426
0 0.406359
0 0.175486
0 0.223001
0 0.0263614
0 0.132662
0 0.0730241
0 0.0711671
0 0.482795
0 0.136404
0 0.0430488
0 0.20825
0 0.0779941
0 0.304265
0 0.349685
0 0.527196
0 0.164986
0 0.0556374
0 0.051072
0 0.328074
0 0.0248988
0 0.22773
0 0.767378
0 0.054373
0 0.0437936
0 0.0507079
0 0.0612706
0 0.0323934
0 0.0552743
0 0.158565
0 0.737525
0 0.0724169
0 0.119635
0 0.098964
0 0.213417
0 0.0800507
0 0.252903
0 0.0435538
0 0.347982
0 0.372177
0 0.270039
0 0.212115
0 0.103327
0 0.134095
0 0.0227613
0 0.264021
0 0.100214
0 0.0623857
0 0.25013
0 0.0661618
0 0.0320084
0 0.0303156
0 0.332143
0 0.17541
0 0.555869
0 0.15173
0 0.142233
0 0.0452881
0 0.178782
0 0.100925
0 0.0717489
0 0.0791137
0 0.0809907
0 0.453693
0 0.0980036
0 0.248403
0 0.0676864
0 0.29088
0 0.0800138
0 0.0876428
0 0.103185
0 0.173863
0 0.111515
0 0.455558
0 0.0527746
0 0.300825
0 0.0615404
0 0.129883
0 0.129731
0 0.310043
0 0.154841
0 0.0379697
0 0.416847
0 0.0415583
0 0.613805
0 0.0961705
0 0.0783373
0 0.238398
0 0.282438
0 0.0364058
0 0.146498
0 0.170147
0 0.137186
0 0.188883
0 0.168587
0 0.118592
0 0.159865
0 0.231079
0 0.0565568
0 0.777319
0 0.379899
0 0.0871859
0 0.0707427
0 0.0728202
0 0.144021
0 0.102492
0 0.102535
0 0.206549
0 0.0935314
0 0.0699876
0 0.452499
0 0.19883
0 0.105273
0 0.0694675
0 0.1345
0 0.160149
0 0.188173
0 0.106836
0 0.168047
0 0.740623
0 0.346558
0 0.0872511
0 0.0886998
0 0.130464
0 0.0484097
0 0.0558018
0 0.100815
0 0.188531
0 0.0724553
0 0.144366
0 0.181542
0 0.0722172
0 0.0328852
0 0.236688
0 0.12639
0 0.0891935
0 0.10186
0 0.11741
0 0.123185
0 0.0436316
0 0.114377
0 0.198237
0 0.246282
0 0.106546
0 0.116217
0 0.178833
0 0.0549019
0 0.244654
0 0.111845
0 0.085164
0 0.211694
0 0.110533
0 0.0905516
0 0.00349729
0 0.266942
0 0.0867338
0 0.177313
0 0.120453
0 0.093601
0 0.233771
0 0.0603548
0 0.0953699
0 0.600029
0 0.159554
0 0.0519203
0 0.0900824
0 0.139141
0 0.071346
0 0.936225
0 0.146105
0 0.306388
0 0.235859
0 0.0740723
0 0.156752
0 0.0803867
0 0.119483
0 0.0522887
0 0.0825285
0 0.236962
0 0.0890177
0 0.0302084
0 0.12839
0 0.114651
0 0.167411
0 0.0939294
0 0.488761
0 0.175498
0 0.138861
0 0.575252
0 0.160714
0 0.130841
0 0.187381
0 0.592957
0 0.224586
0 0.0835221
0 0.204178
0 0.0400576
0 0.136677
0 0.285953
0 0.130381
0 0.0991315
0 0.179036
0 0.37613
0 0.11915
0 0.146534
0 0.125142
0 0.0210627
0 0.077246
0 0.0330995
0 0.133919
0 0.34178
0 0.12471
0 0.634488
0 0.0622802
0 0.149622
0 0.127724
0 0.162159
0 0.0609413
0 0.0670932
0 0.0299866
0 0.203443
0 0.120186
0 0.060752
0 0.101014
0 0.0989223
0 0.119957
0 0.0624841
0 0.334953
0 0.210451
0 0.182977
0 0.172713
0 0.0863228
0 0.126331
0 0.0783178
0 0.120647
0 0.317865
0 0.343672
0 0.17756
0 0.0657309
0 0.175859
0 0.140567
0 0.0800157
0 0.668399
0 0.121098
0 0.163017
0 0.103927
0 0.292886
0 0.229671
0 0.29108
0 0.0722885
0 0.079649
0 0.28263
0 0.155447
0 0.141684
0 0.0487681
0 0.710948
0 0.190488
0 0.0384722
0 0.0935073
0 0.0558606
0 0.131524
0 0.0575449
0 0.197691
0 0.217636
0 0.156225
0 0.0493079
0 0.183293
0 0.342532
0 0.0625375
0 0.183207
0 0.405987
0 0.0453296
0 0.0528924
0 0.236898
0 0.214724
0 0.067355
0 0.354432
0 0.22727
0 0.0586673
0 0.166324
0 0.119958
0 0.126512
0 0.0446202
0 0.149347
0 0.133307
0 0.13798
0 0.051966
0 0.049184
0 0.0674199
0 0.0589846
0 0.117591
0 0.067949
0 0.138123
0 0.118047
0 0.0993022
0 0.0652791
0 0.178038
0 0.0359018
0 0.0479149
0 0.21908
0 0.073829
0 0.0847845
0 0.0880257
0 0.0813754
0 0.073517
0 0.2191
0 0.0976135
0 0.227771
0 0.106748
0 0.0671938
0 0.278473
0 0.0533773
0 0.141489
0 0.136963
0 0.149822
0 0.102873
0 0.225903
0 0.121974
0 0.0636845
0 0.24317
0 0.160867
0 0.0753988
0 0.0749059
0 0.116542
0 0.315539
0 0.263754
0 0.112157
0 0.090073
0 0.116636
0 0.101793
0 0.076942
0 0.108775
0 0.146034
0 0.315717
0 0.0764674
0 0.162977
0 0.121673
0 0.419143
0 0.156962
0 0.746052
0 0.117238
0 0.0636794
0 0.0646607
0 0.0932973
0 0.105644
0 0.184506
0 0.164801
0 0.149975
0 0.552519
0 0.0738289
0 0.0620162
0 0.0794888
0 0.136018
0 0.0712514
0 0.0659826
0 0.111464
0 0.0923406
0 0.164281
0 0.0846953
0 0.34579
0 0.027853
0 0.188243
0 0.0524425
0 0.0801313
0 0.135298
0 0.0941653
0 0.135963
0 0.183471
0 0.0727982
0 0.230374
0 0.308932
0 0.636316
0 0.0311431
0 0.107226
0 0.0933611
0 0.156183
0 0.129704
0 0.10011
0 0.0451109
0 0.407056
0 0.0351868
0 0.032868
0 0.201738
0 0.112873
0 0.177192
0 0.829909
0 0.322347
0 0.165876
0 0.0880035
0 0.0941298
0 0.0923074
0 0.296891
0 0.278064
0 0.0440536
0 0.166135
0 0.117911
0 0.144024
0 0.299978
0 0.292174
0 0.200791
0 0.0398524
0 0.112321
0 0.749727
0 0.06257
0 0.755222
0 0.073539
0 0.0847747
0 0.155133
0 0.269082
0 0.116164
0 0.471439
0 0.0762779
0 0.19878
0 0.0552536
0 0.159104
0 0.240307
0 0.0937369
0 0.213574
0 0.0455962
0 0.102969
0 0.0850792
0 0.095758
0 0.0850934
0 0.289368
0 1.47303e-006
0 0.213675
0 0.382137
0 0.0802004
0 0.127269
0 0.0886329
0 0.0822963
0 0.0999438
0 0.157683
0 0.0360766
0 0.0830366
0 0.130533
0 0.0327202
0 0.131929
0 0.0536195
0 0.353061
0 0.0707519
0 0.0901444
0 0.113664
0 0.111238
0 0.488889
0 0.27709
0 0.110849
0 0.207044
0 0.105795
0 0.0343569
0 0.100597
0 0.128019
0 0.143609
0 0.0536595
0 0.209558
0 0.0618809
0 0.0794455
0 0.164039
0 0.761806
0 0.0559717
0 0.164433
0 0.168532
0 0.0982654
0 0.306359
0 0.0637853
0 0.816968
0 0.308236
0 0.0914197
0 0.0649455
0 0.0520643
0 0.320099
0 0.817003
0 0.791426
0 0.0241934
0 0.157838
0 0.12687
0 0.0499029
0 0.0967825
0 0.0753827
0 0.158172
0 0.137428
0 0.0720882
0 0.117144
0 0.14566
0 0.0882275
0 0.136677
0 0.306812
0 0.0683268
0 0.447455
0 0.0963829
0 0.0752336
0 0.137333
0 0.264807
0 0.081332
0 0.0472824
0 0.062554
0 0.040582
0 0.861044
0 0.171884
0 0.080007
0 0.178147
0 0.20808
0 0.059609
0 0.107349
0 0.115868
0 0.831488
0 0.126906
0 0.140252
0 0.426099
0 0.114772
0 0.0861298
0 0.0636025
0 0.0949635
0 0.0818347
