real_label pos_prob
1 0.554921
1 0.750402
1 0.623821
1 0.833118
1 0.963067
1 0.618725
1 0.940461
1 0.624789
1 0.489382
1 0.530873
1 0.116862
1 0.66936
1 0.340596
1 0.124818
1 0.984691
1 0.912591
1 0.151361
1 0.979405
1 0.988143
1 0.806171
1 0.0829934
1 0.912188
1 0.127301
1 0.703588
1 0.919653
1 0.556269
1 0.973571
1 0.915168
1 0.876098
1 0.121096
1 0.714965
1 0.213425
1 0.77
1 0.406484
1 0.154418
1 0.124337
1 0.858996
1 0.636589
1 0.995692
1 0.0640631
1 0.634941
1 0.788213
1 0.892428
1 0.942404
1 0.219195
1 0.552768
1 0.813393
1 0.132569
1 0.314237
1 0.828351
1 0.868311
1 0.765942
1 0.776472
1 0.526767
1 0.0944126
1 0.0847543
1 0.150013
1 0.571907
1 0.189178
1 0.659761
1 0.13755
1 0.871034
1 0.0746908
1 0.134476
1 0.9466
1 0.689534
1 0.669194
1 0.928018
1 0.299399
1 0.24754
1 0.505121
1 0.938695
1 0.925743
1 0.64769
1 0.643149
1 0.765
1 0.106726
1 0.21045
1 0.940579
1 0.721819
1 0.149087
1 0.149387
1 0.903139
1 0.86146
1 0.978611
1 0.172952
1 0.570937
1 0.0577256
1 0.9787
1 0.786804
1 0.911145
1 0.50806
1 0.625721
1 0.771844
1 0.0876861
1 0.121873
1 0.5
1 0.726276
1 0.10192
1 0.0813102
1 0.561038
1 0.960695
1 0.813482
1 0.878637
1 0.0971991
1 0.727396
1 0.409706
1 0.94555
1 0.0798013
1 0.48045
1 0.858869
1 0.178636
1 0.827346
1 0.57263
1 0.749271
1 0.942796
1 0.16662
1 0.196307
1 0.0945432
1 0.871614
1 0.632712
1 0.745165
1 0.288966
1 0.996069
1 0.0873895
1 0.809564
1 0.249687
1 0.152906
1 0.906506
1 0.133313
1 0.628279
1 0.131959
1 0.5
1 0.905623
1 0.875895
1 0.512957
1 0.193871
1 0.772608
1 0.152789
1 0.87509
1 0.561761
1 0.964979
1 0.187416
1 0.561081
1 0.718201
1 0.897852
1 0.729225
1 0.0985384
1 0.954508
1 0.945184
1 0.0538895
1 0.28733
1 0.975662
1 0.976085
1 0.769437
1 0.892737
1 0.907215
1 0.0960407
1 0.151972
1 0.0754366
1 0.52049
1 0.975794
1 0.976692
1 0.875443
1 0.963836
1 0.907842
1 0.369306
1 0.576357
1 0.468154
1 0.939415
1 0.0858571
1 0.918746
1 0.49231
1 0.803192
1 0.552034
1 0.0328672
1 0.859755
1 0.0437092
1 0.995039
1 0.377361
1 0.960946
1 0.904354
1 0.559019
1 0.745781
1 0.275416
1 0.116556
1 0.971776
1 0.507055
1 0.409841
1 0.958505
1 0.973149
1 0.879877
1 0.7723
1 0.901263
1 0.930485
1 0.973942
1 0.978646
1 0.695419
1 0.0940198
1 0.803069
1 0.0399779
1 0.935607
1 0.712511
1 0.951424
1 0.463061
1 0.550306
1 0.893002
1 0.838045
1 0.305983
1 0.164869
1 0.894668
1 0.126265
1 0.913538
1 0.818263
1 0.106621
1 0.728817
1 0.421561
1 0.792527
1 0.94583
1 0.778558
1 0.100279
1 0.874318
1 0.868537
1 0.882463
1 0.976134
1 0.117533
1 0.895496
1 0.92757
1 0.941415
1 0.95511
1 0.978804
1 0.303852
1 0.960781
1 0.902454
1 0.239207
1 0.987024
1 0.939947
1 0.13055
1 0.790313
1 0.824055
1 0.377216
1 0.184421
1 0.987792
1 0.982121
1 0.788088
1 0.0627157
1 0.592014
1 0.0679876
1 0.899406
1 0.967384
1 0.11227
1 0.428904
1 0.771427
1 0.801511
1 0.977686
1 0.181212
1 0.804745
1 0.310678
1 0.992359
1 0.314926
1 0.0626595
1 0.741328
1 0.228512
1 0.5
1 0.995907
1 0.0687979
1 0.753529
1 0.963655
1 0.104171
1 0.880372
1 0.0514461
1 0.228065
1 0.794234
1 0.5
1 0.832519
1 0.92191
1 0.991288
1 0.977207
1 0.0587874
1 0.567088
0 0.155166
0 0.111498
0 0.166422
0 0.117434
0 0.0865943
0 0.0713623
0 0.102229
0 0.14624
0 0.0928902
0 0.0849814
0 0.112663
0 0.146482
0 0.116601
0 0.888349
0 0.178244
0 0.110268
0 0.0971423
0 0.115418
0 0.0999894
0 0.298541
0 0.120259
0 0.114777
0 0.121316
0 0.0929269
0 0.179566
0 0.130541
0 0.131047
0 0.183645
0 0.150122
0 0.127351
0 0.110843
0 0.209522
0 0.0825096
0 0.362246
0 0.0883104
0 0.191851
0 0.115538
0 0.479507
0 0.310348
0 0.0661137
0 0.105362
0 0.172121
0 0.245031
0 0.217383
0 0.0691425
0 0.0958763
0 0.177317
0 0.154018
0 0.100197
0 0.827917
0 0.19623
0 0.104136
0 0.12117
0 0.0906016
0 0.113888
0 0.228229
0 0.2197
0 0.106415
0 0.158723
0 0.102524
0 0.205562
0 0.107638
0 0.654173
0 0.771231
0 0.0696109
0 0.0895473
0 0.140245
0 0.0971939
0 0.136764
0 0.112231
0 0.131519
0 0.0930498
0 0.681145
0 0.624965
0 0.246578
0 0.196675
0 0.109833
0 0.260304
0 0.108939
0 0.184469
0 0.0787962
0 0.147421
0 0.0949829
0 0.311753
0 0.100282
0 0.0531911
0 0.0821731
0 0.0927816
0 0.651975
0 0.235525
0 0.124325
0 0.0974877
0 0.321711
0 0.112683
0 0.442981
0 0.115943
0 0.277591
0 0.0843652
0 0.11698
0 0.20869
0 0.104043
0 0.171441
0 0.10246
0 0.133097
0 0.354184
0 0.123686
0 0.12874
0 0.389307
0 0.0984324
0 0.118058
0 0.873846
0 0.129865
0 0.220618
0 0.086268
0 0.261069
0 0.936016
0 0.216847
0 0.160781
0 0.128258
0 0.0898122
0 0.151716
0 0.143046
0 0.0810468
0 0.364702
0 0.0840751
0 0.117549
0 0.205122
0 0.0811793
0 0.0772784
0 0.0712738
0 0.159976
0 0.14511
0 0.145925
0 0.134043
0 0.0976204
0 0.295443
0 0.249422
0 0.106145
0 0.0884847
0 0.10569
0 0.12468
0 0.633341
0 0.0857506
0 0.101305
0 0.164191
0 0.142005
0 0.10017
0 0.0797971
0 0.0727699
0 0.154818
0 0.194567
0 0.0899431
0 0.150267
0 0.105824
0 0.188578
0 0.0872661
0 0.170161
0 0.0969774
0 0.0766109
0 0.153837
0 0.30578
0 0.102681
0 0.157003
0 0.974998
0 0.0828362
0 0.408724
0 0.126882
0 0.108643
0 0.684365
0 0.935414
0 0.199957
0 0.20979
0 0.168792
0 0.0655492
0 0.106232
0 0.0625871
0 0.175083
0 0.0990525
0 0.140182
0 0.303829
0 0.0843284
0 0.112685
0 0.123577
0 0.0668382
0 0.205982
0 0.0859763
0 0.195562
0 0.906886
0 0.0648559
0 0.150029
0 0.0712117
0 0.0756242
0 0.103075
0 0.291242
0 0.684503
0 0.0604668
0 0.0599399
0 0.131367
0 0.0745775
0 0.0815461
0 0.101327
0 0.0898367
0 0.117422
0 0.0329589
0 0.0641341
0 0.191434
0 0.0962848
0 0.918683
0 0.0767708
0 0.243246
0 0.321374
0 0.0975157
0 0.181001
0 0.097161
0 0.0733661
0 0.0986764
0 0.0868134
0 0.183865
0 0.155048
0 0.0972399
0 0.109139
0 0.0331236
0 0.195987
0 0.12116
0 0.112232
0 0.110213
0 0.133146
0 0.0628911
0 0.154762
0 0.0625454
0 0.0917876
0 0.165337
0 0.174927
0 0.0795667
0 0.22615
0 0.175869
0 0.104768
0 0.122839
0 0.936675
0 0.111084
0 0.0942609
0 0.0618444
0 0.102265
0 0.100913
0 0.15383
0 0.868257
0 0.10377
0 0.0650565
0 0.123341
0 0.0740351
0 0.132065
0 0.0954877
0 0.149988
0 0.894317
0 0.0983515
0 0.143205
0 0.122436
0 0.192716
0 0.0965034
0 0.136102
0 0.128169
0 0.146739
0 0.162701
0 0.186646
0 0.0919364
0 0.150356
0 0.127082
0 0.0476312
0 0.0992408
0 0.0877943
0 0.124851
0 0.172668
0 0.139544
0 0.0742966
0 0.214505
0 0.16504
0 0.189561
0 0.927283
0 0.127337
0 0.171923
0 0.0845329
0 0.304303
0 0.0670491
0 0.1211
0 0.0926165
0 0.104812
0 0.254934
0 0.0656482
0 0.140832
0 0.0943861
0 0.118381
0 0.125439
0 0.0685981
0 0.108381
0 0.083679
0 0.135085
0 0.676373
0 0.162446
0 0.217932
0 0.143288
0 0.155035
0 0.083511
0 0.132397
0 0.181937
0 0.102771
0 0.325766
0 0.0522001
0 0.847955
0 0.13782
0 0.0998335
0 0.792696
0 0.137777
0 0.0783415
0 0.689981
0 0.219123
0 0.0995299
0 0.106853
0 0.133991
0 0.146961
0 0.47842
0 0.0820902
0 0.123664
0 0.960656
0 0.664797
0 0.126086
0 0.08722
0 0.0876509
0 0.0743553
0 0.108189
0 0.125428
0 0.277993
0 0.0965695
0 0.0973198
0 0.438064
0 0.271655
0 0.0841056
0 0.126857
0 0.112711
0 0.180743
0 0.10585
0 0.11552
0 0.122561
0 0.857848
0 0.339636
0 0.0931599
0 0.144849
0 0.105438
0 0.159102
0 0.0900425
0 0.0910839
0 0.146855
0 0.107564
0 0.109931
0 0.0828604
0 0.162269
0 0.414815
0 0.209922
0 0.106732
0 0.0998062
0 0.0658582
0 0.132598
0 0.107858
0 0.077068
0 0.0859026
0 0.292728
0 0.301647
0 0.0917736
0 0.101472
0 0.110236
0 0.10533
0 0.155608
0 0.0930421
0 0.0720738
0 0.417975
0 0.0972604
0 0.07535
0 0.0761274
0 0.132739
0 0.126999
0 0.141338
0 0.0872237
0 0.10447
0 0.678697
0 0.0666145
0 0.108462
0 0.486687
0 0.0812196
0 0.105943
0 0.110878
0 0.181031
0 0.099089
0 0.965495
0 0.0850476
0 0.141021
0 0.116056
0 0.0534855
0 0.108668
0 0.211062
0 0.288131
0 0.0562354
0 0.105532
0 0.449926
0 0.0732163
0 0.0796996
0 0.119345
0 0.102042
0 0.119693
0 0.110141
0 0.0726332
0 0.168032
0 0.137026
0 0.270681
0 0.215119
0 0.0886346
0 0.231956
0 0.54288
0 0.0822805
0 0.223328
0 0.156783
0 0.115447
0 0.132419
0 0.109359
0 0.137101
0 0.100951
0 0.117723
0 0.526403
0 0.0648704
0 0.129053
0 0.111108
0 0.159239
0 0.0982292
0 0.0810704
0 0.110836
0 0.135755
0 0.101093
0 0.686268
0 0.0648716
0 0.227391
0 0.0713402
0 0.101623
0 0.246928
0 0.0855358
0 0.212673
0 0.107702
0 0.114162
0 0.219769
0 0.110978
0 0.121037
0 0.143869
0 0.15613
0 0.306215
0 0.147085
0 0.125859
0 0.0791783
0 0.119291
0 0.0630175
0 0.12228
0 0.100123
0 0.734587
0 0.317353
0 0.286926
0 0.150646
0 0.164377
0 0.154037
0 0.0871741
0 0.583329
0 0.134846
0 0.127097
0 0.0775875
0 0.324107
0 0.405295
0 0.151559
0 0.140132
0 0.119794
0 0.193505
0 0.115792
0 0.165761
0 0.118329
0 0.938669
0 0.130165
0 0.0702803
0 0.122002
0 0.0680662
0 0.130039
0 0.107703
0 0.130152
0 0.130873
0 0.119849
0 0.0509783
0 0.158201
0 0.290429
0 0.0838064
0 0.113205
0 0.596712
0 0.0837625
0 0.0999293
0 0.101031
0 0.0825434
0 0.105769
0 0.203972
0 0.148778
0 0.0741168
0 0.238233
0 0.0965767
0 0.158627
0 0.0777882
0 0.144029
0 0.109611
0 0.0843633
0 0.0957124
0 0.0948694
0 0.124414
0 0.0755786
0 0.0939428
0 0.10499
0 0.102814
0 0.092941
0 0.135771
0 0.153692
0 0.197107
0 0.0833522
0 0.19881
0 0.206367
0 0.338569
0 0.131499
0 0.130782
0 0.123784
0 0.117765
0 0.191022
0 0.205946
0 0.261371
0 0.102191
0 0.111973
0 0.0807794
0 0.0630787
0 0.142727
0 0.108408
0 0.082017
0 0.192722
0 0.206463
0 0.133176
0 0.0695546
0 0.697602
0 0.173284
0 0.136934
0 0.0760351
0 0.163487
0 0.222239
0 0.190983
0 0.120322
0 0.0798213
0 0.128538
0 0.0846794
0 0.0891479
0 0.148091
0 0.100347
0 0.157597
0 0.132413
0 0.196417
0 0.132298
0 0.457942
0 0.352462
0 0.988333
0 0.242241
0 0.0698833
0 0.104842
0 0.0781289
0 0.0928734
0 0.155165
0 0.154479
0 0.117641
0 0.724891
0 0.0927077
0 0.141195
0 0.119907
0 0.122872
0 0.113254
0 0.134703
0 0.065926
0 0.161966
0 0.180098
0 0.0942783
0 0.278874
0 0.0709117
0 0.17584
0 0.101852
0 0.101496
0 0.0903013
0 0.131745
0 0.23562
0 0.145094
0 0.0952487
0 0.124042
0 0.301614
0 0.643745
0 0.0900775
0 0.0795137
0 0.193093
0 0.254648
0 0.055128
0 0.12347
0 0.0646726
0 0.723893
0 0.0565651
0 0.0739884
0 0.187005
0 0.109496
0 0.255352
0 0.67769
0 0.126983
0 0.281324
0 0.076997
0 0.106965
0 0.0761115
0 0.177634
0 0.490157
0 0.0622939
0 0.129499
0 0.126762
0 0.316869
0 0.445056
0 0.306216
0 0.0990123
0 0.077332
0 0.125362
0 0.619712
0 0.0913093
0 0.998537
0 0.309276
0 0.0849071
0 0.104064
0 0.450688
0 0.0834467
0 0.299659
0 0.0835789
0 0.140113
0 0.0770478
0 0.0783566
0 0.177395
0 0.112826
0 0.128698
0 0.115965
0 0.157862
0 0.112092
0 0.199861
0 0.10043
0 0.138569
0 0.0234428
0 0.144816
0 0.620896
0 0.129095
0 0.0790336
0 0.0660404
0 0.122747
0 0.0976994
0 0.183635
0 0.0812402
0 0.108353
0 0.110299
0 0.207632
0 0.0753968
0 0.0785044
0 0.195201
0 0.117521
0 0.126981
0 0.0682918
0 0.0746807
0 0.42943
0 0.349391
0 0.268184
0 0.169706
0 0.0831255
0 0.0899144
0 0.0926764
0 0.0935172
0 0.102306
0 0.0787596
0 0.106711
0 0.105265
0 0.124632
0 0.223789
0 0.979807
0 0.0583331
0 0.177822
0 0.138826
0 0.140406
0 0.207917
0 0.0579833
0 0.963943
0 0.707745
0 0.155439
0 0.09837
0 0.0591352
0 0.284201
0 0.901157
0 0.790631
0 0.0709957
0 0.105294
0 0.250239
0 0.0819354
0 0.0735479
0 0.0838773
0 0.11112
0 0.0986226
0 0.139471
0 0.1556
0 0.170524
0 0.08531
0 0.0795821
0 0.164757
0 0.104163
0 0.268676
0 0.0933398
0 0.0688439
0 0.0898656
0 0.207232
0 0.0886872
0 0.0805283
0 0.073796
0 0.0974937
0 0.9388
0 0.170709
0 0.0694057
0 0.227814
0 0.112811
0 0.078163
0 0.166223
0 0.120083
0 0.989607
0 0.141311
0 0.123264
0 0.822145
0 0.0828728
0 0.142024
0 0.0775921
0 0.113061
0 0.089068
