1 0.554921 0.445079
1 0.750402 0.249598
1 0.623821 0.376179
1 0.833118 0.166882
1 0.963067 0.0369326
1 0.618725 0.381275
1 0.940461 0.0595393
1 0.624789 0.375211
-1 0.489382 0.510618
1 0.530873 0.469127
-1 0.116862 0.883138
1 0.66936 0.33064
-1 0.340596 0.659404
-1 0.124818 0.875182
1 0.984691 0.0153091
1 0.912591 0.0874088
-1 0.151361 0.848639
1 0.979405 0.0205953
1 0.988143 0.0118568
1 0.806171 0.193829
-1 0.0829934 0.917007
1 0.912188 0.0878118
-1 0.127301 0.872699
1 0.703588 0.296412
1 0.919653 0.080347
1 0.556269 0.443731
1 0.973571 0.0264292
1 0.915168 0.0848319
1 0.876098 0.123902
-1 0.121096 0.878904
1 0.714965 0.285035
-1 0.213425 0.786575
1 0.77 0.23
-1 0.406484 0.593516
-1 0.154418 0.845582
-1 0.124337 0.875663
1 0.858996 0.141004
1 0.636589 0.363411
1 0.995692 0.00430842
-1 0.0640631 0.935937
1 0.634941 0.365059
1 0.788213 0.211787
1 0.892428 0.107572
1 0.942404 0.0575958
-1 0.219195 0.780805
1 0.552768 0.447232
1 0.813393 0.186607
-1 0.132569 0.867431
-1 0.314237 0.685763
1 0.828351 0.171649
1 0.868311 0.131689
1 0.765942 0.234058
1 0.776472 0.223528
1 0.526767 0.473233
-1 0.0944126 0.905587
-1 0.0847543 0.915246
-1 0.150013 0.849987
1 0.571907 0.428093
-1 0.189178 0.810822
1 0.659761 0.340239
-1 0.13755 0.86245
1 0.871034 0.128966
-1 0.0746908 0.925309
-1 0.134476 0.865524
1 0.9466 0.0534
1 0.689534 0.310466
1 0.669194 0.330806
1 0.928018 0.0719815
-1 0.299399 0.700601
-1 0.24754 0.75246
1 0.505121 0.494879
1 0.938695 0.0613046
1 0.925743 0.0742566
1 0.64769 0.35231
1 0.643149 0.356851
1 0.765 0.235
-1 0.106726 0.893274
-1 0.21045 0.78955
1 0.940579 0.0594205
1 0.721819 0.278181
-1 0.149087 0.850913
-1 0.149387 0.850613
1 0.903139 0.0968608
1 0.86146 0.13854
1 0.978611 0.0213895
-1 0.172952 0.827048
1 0.570937 0.429063
-1 0.0577256 0.942274
1 0.9787 0.0213
1 0.786804 0.213196
1 0.911145 0.0888553
1 0.50806 0.49194
1 0.625721 0.374279
1 0.771844 0.228156
-1 0.0876861 0.912314
-1 0.121873 0.878127
1 0.5 0.5
1 0.726276 0.273724
-1 0.10192 0.89808
-1 0.0813102 0.91869
1 0.561038 0.438962
1 0.960695 0.0393045
1 0.813482 0.186518
1 0.878637 0.121363
-1 0.0971991 0.902801
1 0.727396 0.272604
-1 0.409706 0.590294
1 0.94555 0.0544498
-1 0.0798013 0.920199
-1 0.48045 0.51955
1 0.858869 0.141131
-1 0.178636 0.821364
1 0.827346 0.172654
1 0.57263 0.42737
1 0.749271 0.250729
1 0.942796 0.0572043
-1 0.16662 0.83338
-1 0.196307 0.803693
-1 0.0945432 0.905457
1 0.871614 0.128386
1 0.632712 0.367288
1 0.745165 0.254835
-1 0.288966 0.711034
1 0.996069 0.00393088
-1 0.0873895 0.91261
1 0.809564 0.190436
-1 0.249687 0.750313
-1 0.152906 0.847094
1 0.906506 0.0934935
-1 0.133313 0.866687
1 0.628279 0.371721
-1 0.131959 0.868041
1 0.5 0.5
1 0.905623 0.094377
1 0.875895 0.124105
1 0.512957 0.487043
-1 0.193871 0.806129
1 0.772608 0.227392
-1 0.152789 0.847211
1 0.87509 0.12491
1 0.561761 0.438239
1 0.964979 0.0350206
-1 0.187416 0.812584
1 0.561081 0.438919
1 0.718201 0.281799
1 0.897852 0.102148
1 0.729225 0.270775
-1 0.0985384 0.901462
1 0.954508 0.0454924
1 0.945184 0.0548163
-1 0.0538895 0.946111
-1 0.28733 0.71267
1 0.975662 0.0243383
1 0.976085 0.023915
1 0.769437 0.230563
1 0.892737 0.107263
1 0.907215 0.0927854
-1 0.0960407 0.903959
-1 0.151972 0.848028
-1 0.0754366 0.924563
1 0.52049 0.47951
1 0.975794 0.0242061
1 0.976692 0.0233083
1 0.875443 0.124557
1 0.963836 0.0361639
1 0.907842 0.0921577
-1 0.369306 0.630694
1 0.576357 0.423643
-1 0.468154 0.531846
1 0.939415 0.060585
-1 0.0858571 0.914143
1 0.918746 0.0812539
-1 0.49231 0.50769
1 0.803192 0.196808
1 0.552034 0.447966
-1 0.0328672 0.967133
1 0.859755 0.140245
-1 0.0437092 0.956291
1 0.995039 0.00496072
-1 0.377361 0.622639
1 0.960946 0.0390544
1 0.904354 0.0956463
1 0.559019 0.440981
1 0.745781 0.254219
-1 0.275416 0.724584
-1 0.116556 0.883444
1 0.971776 0.0282235
1 0.507055 0.492945
-1 0.409841 0.590159
1 0.958505 0.0414948
1 0.973149 0.0268513
1 0.879877 0.120123
1 0.7723 0.2277
1 0.901263 0.098737
1 0.930485 0.0695153
1 0.973942 0.0260582
1 0.978646 0.0213538
1 0.695419 0.304581
-1 0.0940198 0.90598
1 0.803069 0.196931
-1 0.0399779 0.960022
1 0.935607 0.0643925
1 0.712511 0.287489
1 0.951424 0.0485764
-1 0.463061 0.536939
1 0.550306 0.449694
1 0.893002 0.106998
1 0.838045 0.161955
-1 0.305983 0.694017
-1 0.164869 0.835131
1 0.894668 0.105332
-1 0.126265 0.873735
1 0.913538 0.0864624
1 0.818263 0.181737
-1 0.106621 0.893379
1 0.728817 0.271183
-1 0.421561 0.578439
1 0.792527 0.207473
1 0.94583 0.0541702
1 0.778558 0.221442
-1 0.100279 0.899721
1 0.874318 0.125682
1 0.868537 0.131463
1 0.882463 0.117537
1 0.976134 0.0238659
-1 0.117533 0.882467
1 0.895496 0.104504
1 0.92757 0.0724299
1 0.941415 0.0585846
1 0.95511 0.0448897
1 0.978804 0.021196
-1 0.303852 0.696148
1 0.960781 0.039219
1 0.902454 0.0975461
-1 0.239207 0.760793
1 0.987024 0.0129763
1 0.939947 0.0600534
-1 0.13055 0.86945
1 0.790313 0.209687
1 0.824055 0.175945
-1 0.377216 0.622784
-1 0.184421 0.815579
1 0.987792 0.0122083
1 0.982121 0.0178786
1 0.788088 0.211912
-1 0.0627157 0.937284
1 0.592014 0.407986
-1 0.0679876 0.932012
1 0.899406 0.100594
1 0.967384 0.0326159
-1 0.11227 0.88773
-1 0.428904 0.571096
1 0.771427 0.228573
1 0.801511 0.198489
1 0.977686 0.0223136
-1 0.181212 0.818788
1 0.804745 0.195255
-1 0.310678 0.689322
1 0.992359 0.00764079
-1 0.314926 0.685074
-1 0.0626595 0.93734
1 0.741328 0.258672
-1 0.228512 0.771488
1 0.5 0.5
1 0.995907 0.00409324
-1 0.0687979 0.931202
1 0.753529 0.246471
1 0.963655 0.036345
-1 0.104171 0.895829
1 0.880372 0.119628
-1 0.0514461 0.948554
-1 0.228065 0.771935
1 0.794234 0.205766
1 0.5 0.5
1 0.832519 0.167481
1 0.92191 0.0780904
1 0.991288 0.00871168
1 0.977207 0.0227931
-1 0.0587874 0.941213
1 0.567088 0.432912
-1 0.155166 0.844834
-1 0.111498 0.888502
-1 0.166422 0.833578
-1 0.117434 0.882566
-1 0.0865943 0.913406
-1 0.0713623 0.928638
-1 0.102229 0.897771
-1 0.14624 0.85376
-1 0.0928902 0.90711
-1 0.0849814 0.915019
-1 0.112663 0.887337
-1 0.146482 0.853518
-1 0.116601 0.883399
1 0.888349 0.111651
-1 0.178244 0.821756
-1 0.110268 0.889732
-1 0.0971423 0.902858
-1 0.115418 0.884582
-1 0.0999894 0.900011
-1 0.298541 0.701459
-1 0.120259 0.879741
-1 0.114777 0.885223
-1 0.121316 0.878684
-1 0.0929269 0.907073
-1 0.179566 0.820434
-1 0.130541 0.869459
-1 0.131047 0.868953
-1 0.183645 0.816355
-1 0.150122 0.849878
-1 0.127351 0.872649
-1 0.110843 0.889157
-1 0.209522 0.790478
-1 0.0825096 0.91749
-1 0.362246 0.637754
-1 0.0883104 0.91169
-1 0.191851 0.808149
-1 0.115538 0.884462
-1 0.479507 0.520493
-1 0.310348 0.689652
-1 0.0661137 0.933886
-1 0.105362 0.894638
-1 0.172121 0.827879
-1 0.245031 0.754969
-1 0.217383 0.782617
-1 0.0691425 0.930857
-1 0.0958763 0.904124
-1 0.177317 0.822683
-1 0.154018 0.845982
-1 0.100197 0.899803
1 0.827917 0.172083
-1 0.19623 0.80377
-1 0.104136 0.895864
-1 0.12117 0.87883
-1 0.0906016 0.909398
-1 0.113888 0.886112
-1 0.228229 0.771771
-1 0.2197 0.7803
-1 0.106415 0.893585
-1 0.158723 0.841277
-1 0.102524 0.897476
-1 0.205562 0.794438
-1 0.107638 0.892362
1 0.654173 0.345827
1 0.771231 0.228769
-1 0.0696109 0.930389
-1 0.0895473 0.910453
-1 0.140245 0.859755
-1 0.0971939 0.902806
-1 0.136764 0.863236
-1 0.112231 0.887769
-1 0.131519 0.868481
-1 0.0930498 0.90695
1 0.681145 0.318855
1 0.624965 0.375035
-1 0.246578 0.753422
-1 0.196675 0.803325
-1 0.109833 0.890167
-1 0.260304 0.739696
-1 0.108939 0.891061
-1 0.184469 0.815531
-1 0.0787962 0.921204
-1 0.147421 0.852579
-1 0.0949829 0.905017
-1 0.311753 0.688247
-1 0.100282 0.899718
-1 0.0531911 0.946809
-1 0.0821731 0.917827
-1 0.0927816 0.907218
1 0.651975 0.348025
-1 0.235525 0.764475
-1 0.124325 0.875675
-1 0.0974877 0.902512
-1 0.321711 0.678289
-1 0.112683 0.887317
-1 0.442981 0.557019
-1 0.115943 0.884057
-1 0.277591 0.722409
-1 0.0843652 0.915635
-1 0.11698 0.88302
-1 0.20869 0.79131
-1 0.104043 0.895957
-1 0.171441 0.828559
-1 0.10246 0.89754
-1 0.133097 0.866903
-1 0.354184 0.645816
-1 0.123686 0.876314
-1 0.12874 0.87126
-1 0.389307 0.610693
-1 0.0984324 0.901568
-1 0.118058 0.881942
1 0.873846 0.126154
-1 0.129865 0.870135
-1 0.220618 0.779382
-1 0.086268 0.913732
-1 0.261069 0.738931
1 0.936016 0.0639844
-1 0.216847 0.783153
-1 0.160781 0.839219
-1 0.128258 0.871742
-1 0.0898122 0.910188
-1 0.151716 0.848284
-1 0.143046 0.856954
-1 0.0810468 0.918953
-1 0.364702 0.635298
-1 0.0840751 0.915925
-1 0.117549 0.882451
-1 0.205122 0.794878
-1 0.0811793 0.918821
-1 0.0772784 0.922722
-1 0.0712738 0.928726
-1 0.159976 0.840024
-1 0.14511 0.85489
-1 0.145925 0.854075
-1 0.134043 0.865957
-1 0.0976204 0.90238
-1 0.295443 0.704557
-1 0.249422 0.750578
-1 0.106145 0.893855
-1 0.0884847 0.911515
-1 0.10569 0.89431
-1 0.12468 0.87532
1 0.633341 0.366659
-1 0.0857506 0.914249
-1 0.101305 0.898695
-1 0.164191 0.835809
-1 0.142005 0.857995
-1 0.10017 0.89983
-1 0.0797971 0.920203
-1 0.0727699 0.92723
-1 0.154818 0.845182
-1 0.194567 0.805433
-1 0.0899431 0.910057
-1 0.150267 0.849733
-1 0.105824 0.894176
-1 0.188578 0.811422
-1 0.0872661 0.912734
-1 0.170161 0.829839
-1 0.0969774 0.903023
-1 0.0766109 0.923389
-1 0.153837 0.846163
-1 0.30578 0.69422
-1 0.102681 0.897319
-1 0.157003 0.842997
1 0.974998 0.0250021
-1 0.0828362 0.917164
-1 0.408724 0.591276
-1 0.126882 0.873118
-1 0.108643 0.891357
1 0.684365 0.315635
1 0.935414 0.0645863
-1 0.199957 0.800043
-1 0.20979 0.79021
-1 0.168792 0.831208
-1 0.0655492 0.934451
-1 0.106232 0.893768
-1 0.0625871 0.937413
-1 0.175083 0.824917
-1 0.0990525 0.900947
-1 0.140182 0.859818
-1 0.303829 0.696171
-1 0.0843284 0.915672
-1 0.112685 0.887315
-1 0.123577 0.876423
-1 0.0668382 0.933162
-1 0.205982 0.794018
-1 0.0859763 0.914024
-1 0.195562 0.804438
1 0.906886 0.0931136
-1 0.0648559 0.935144
-1 0.150029 0.849971
-1 0.0712117 0.928788
-1 0.0756242 0.924376
-1 0.103075 0.896925
-1 0.291242 0.708758
1 0.684503 0.315497
-1 0.0604668 0.939533
-1 0.0599399 0.94006
-1 0.131367 0.868633
-1 0.0745775 0.925423
-1 0.0815461 0.918454
-1 0.101327 0.898673
-1 0.0898367 0.910163
-1 0.117422 0.882578
-1 0.0329589 0.967041
-1 0.0641341 0.935866
-1 0.191434 0.808566
-1 0.0962848 0.903715
1 0.918683 0.0813174
-1 0.0767708 0.923229
-1 0.243246 0.756754
-1 0.321374 0.678626
-1 0.0975157 0.902484
-1 0.181001 0.818999
-1 0.097161 0.902839
-1 0.0733661 0.926634
-1 0.0986764 0.901324
-1 0.0868134 0.913187
-1 0.183865 0.816135
-1 0.155048 0.844952
-1 0.0972399 0.90276
-1 0.109139 0.890861
-1 0.0331236 0.966876
-1 0.195987 0.804013
-1 0.12116 0.87884
-1 0.112232 0.887768
-1 0.110213 0.889787
-1 0.133146 0.866854
-1 0.0628911 0.937109
-1 0.154762 0.845238
-1 0.0625454 0.937455
-1 0.0917876 0.908212
-1 0.165337 0.834663
-1 0.174927 0.825073
-1 0.0795667 0.920433
-1 0.22615 0.77385
-1 0.175869 0.824131
-1 0.104768 0.895232
-1 0.122839 0.877161
1 0.936675 0.063325
-1 0.111084 0.888916
-1 0.0942609 0.905739
-1 0.0618444 0.938156
-1 0.102265 0.897735
-1 0.100913 0.899087
-1 0.15383 0.84617
1 0.868257 0.131743
-1 0.10377 0.89623
-1 0.0650565 0.934944
-1 0.123341 0.876659
-1 0.0740351 0.925965
-1 0.132065 0.867935
-1 0.0954877 0.904512
-1 0.149988 0.850012
1 0.894317 0.105683
-1 0.0983515 0.901648
-1 0.143205 0.856795
-1 0.122436 0.877564
-1 0.192716 0.807284
-1 0.0965034 0.903497
-1 0.136102 0.863898
-1 0.128169 0.871831
-1 0.146739 0.853261
-1 0.162701 0.837299
-1 0.186646 0.813354
-1 0.0919364 0.908064
-1 0.150356 0.849644
-1 0.127082 0.872918
-1 0.0476312 0.952369
-1 0.0992408 0.900759
-1 0.0877943 0.912206
-1 0.124851 0.875149
-1 0.172668 0.827332
-1 0.139544 0.860456
-1 0.0742966 0.925703
-1 0.214505 0.785495
-1 0.16504 0.83496
-1 0.189561 0.810439
1 0.927283 0.0727169
-1 0.127337 0.872663
-1 0.171923 0.828077
-1 0.0845329 0.915467
-1 0.304303 0.695697
-1 0.0670491 0.932951
-1 0.1211 0.8789
-1 0.0926165 0.907384
-1 0.104812 0.895188
-1 0.254934 0.745066
-1 0.0656482 0.934352
-1 0.140832 0.859168
-1 0.0943861 0.905614
-1 0.118381 0.881619
-1 0.125439 0.874561
-1 0.0685981 0.931402
-1 0.108381 0.891619
-1 0.083679 0.916321
-1 0.135085 0.864915
1 0.676373 0.323627
-1 0.162446 0.837554
-1 0.217932 0.782068
-1 0.143288 0.856712
-1 0.155035 0.844965
-1 0.083511 0.916489
-1 0.132397 0.867603
-1 0.181937 0.818063
-1 0.102771 0.897229
-1 0.325766 0.674234
-1 0.0522001 0.9478
1 0.847955 0.152045
-1 0.13782 0.86218
-1 0.0998335 0.900166
1 0.792696 0.207304
-1 0.137777 0.862223
-1 0.0783415 0.921659
1 0.689981 0.310019
-1 0.219123 0.780877
-1 0.0995299 0.90047
-1 0.106853 0.893147
-1 0.133991 0.866009
-1 0.146961 0.853039
-1 0.47842 0.52158
-1 0.0820902 0.91791
-1 0.123664 0.876336
1 0.960656 0.0393435
1 0.664797 0.335203
-1 0.126086 0.873914
-1 0.08722 0.91278
-1 0.0876509 0.912349
-1 0.0743553 0.925645
-1 0.108189 0.891811
-1 0.125428 0.874572
-1 0.277993 0.722007
-1 0.0965695 0.903431
-1 0.0973198 0.90268
-1 0.438064 0.561936
-1 0.271655 0.728345
-1 0.0841056 0.915894
-1 0.126857 0.873143
-1 0.112711 0.887289
-1 0.180743 0.819257
-1 0.10585 0.89415
-1 0.11552 0.88448
-1 0.122561 0.877439
1 0.857848 0.142152
-1 0.339636 0.660364
-1 0.0931599 0.90684
-1 0.144849 0.855151
-1 0.105438 0.894562
-1 0.159102 0.840898
-1 0.0900425 0.909957
-1 0.0910839 0.908916
-1 0.146855 0.853145
-1 0.107564 0.892436
-1 0.109931 0.890069
-1 0.0828604 0.91714
-1 0.162269 0.837731
-1 0.414815 0.585185
-1 0.209922 0.790078
-1 0.106732 0.893268
-1 0.0998062 0.900194
-1 0.0658582 0.934142
-1 0.132598 0.867402
-1 0.107858 0.892142
-1 0.077068 0.922932
-1 0.0859026 0.914097
-1 0.292728 0.707272
-1 0.301647 0.698353
-1 0.0917736 0.908226
-1 0.101472 0.898528
-1 0.110236 0.889764
-1 0.10533 0.89467
-1 0.155608 0.844392
-1 0.0930421 0.906958
-1 0.0720738 0.927926
-1 0.417975 0.582025
-1 0.0972604 0.90274
-1 0.07535 0.92465
-1 0.0761274 0.923873
-1 0.132739 0.867261
-1 0.126999 0.873001
-1 0.141338 0.858662
-1 0.0872237 0.912776
-1 0.10447 0.89553
1 0.678697 0.321303
-1 0.0666145 0.933385
-1 0.108462 0.891538
-1 0.486687 0.513313
-1 0.0812196 0.91878
-1 0.105943 0.894057
-1 0.110878 0.889122
-1 0.181031 0.818969
-1 0.099089 0.900911
1 0.965495 0.0345047
-1 0.0850476 0.914952
-1 0.141021 0.858979
-1 0.116056 0.883944
-1 0.0534855 0.946515
-1 0.108668 0.891332
-1 0.211062 0.788938
-1 0.288131 0.711869
-1 0.0562354 0.943765
-1 0.105532 0.894468
-1 0.449926 0.550074
-1 0.0732163 0.926784
-1 0.0796996 0.9203
-1 0.119345 0.880655
-1 0.102042 0.897958
-1 0.119693 0.880307
-1 0.110141 0.889859
-1 0.0726332 0.927367
-1 0.168032 0.831968
-1 0.137026 0.862974
-1 0.270681 0.729319
-1 0.215119 0.784881
-1 0.0886346 0.911365
-1 0.231956 0.768044
1 0.54288 0.45712
-1 0.0822805 0.917719
-1 0.223328 0.776672
-1 0.156783 0.843217
-1 0.115447 0.884553
-1 0.132419 0.867581
-1 0.109359 0.890641
-1 0.137101 0.862899
-1 0.100951 0.899049
-1 0.117723 0.882277
1 0.526403 0.473597
-1 0.0648704 0.93513
-1 0.129053 0.870947
-1 0.111108 0.888892
-1 0.159239 0.840761
-1 0.0982292 0.901771
-1 0.0810704 0.91893
-1 0.110836 0.889164
-1 0.135755 0.864245
-1 0.101093 0.898907
1 0.686268 0.313732
-1 0.0648716 0.935128
-1 0.227391 0.772609
-1 0.0713402 0.92866
-1 0.101623 0.898377
-1 0.246928 0.753072
-1 0.0855358 0.914464
-1 0.212673 0.787327
-1 0.107702 0.892298
-1 0.114162 0.885838
-1 0.219769 0.780231
-1 0.110978 0.889022
-1 0.121037 0.878963
-1 0.143869 0.856131
-1 0.15613 0.84387
-1 0.306215 0.693785
-1 0.147085 0.852915
-1 0.125859 0.874141
-1 0.0791783 0.920822
-1 0.119291 0.880709
-1 0.0630175 0.936982
-1 0.12228 0.87772
-1 0.100123 0.899877
1 0.734587 0.265413
-1 0.317353 0.682647
-1 0.286926 0.713074
-1 0.150646 0.849354
-1 0.164377 0.835623
-1 0.154037 0.845963
-1 0.0871741 0.912826
1 0.583329 0.416671
-1 0.134846 0.865154
-1 0.127097 0.872903
-1 0.0775875 0.922413
-1 0.324107 0.675893
-1 0.405295 0.594705
-1 0.151559 0.848441
-1 0.140132 0.859868
-1 0.119794 0.880206
-1 0.193505 0.806495
-1 0.115792 0.884208
-1 0.165761 0.834239
-1 0.118329 0.881671
1 0.938669 0.0613305
-1 0.130165 0.869835
-1 0.0702803 0.92972
-1 0.122002 0.877998
-1 0.0680662 0.931934
-1 0.130039 0.869961
-1 0.107703 0.892297
-1 0.130152 0.869848
-1 0.130873 0.869127
-1 0.119849 0.880151
-1 0.0509783 0.949022
-1 0.158201 0.841799
-1 0.290429 0.709571
-1 0.0838064 0.916194
-1 0.113205 0.886795
1 0.596712 0.403288
-1 0.0837625 0.916237
-1 0.0999293 0.900071
-1 0.101031 0.898969
-1 0.0825434 0.917457
-1 0.105769 0.894231
-1 0.203972 0.796028
-1 0.148778 0.851222
-1 0.0741168 0.925883
-1 0.238233 0.761767
-1 0.0965767 0.903423
-1 0.158627 0.841373
-1 0.0777882 0.922212
-1 0.144029 0.855971
-1 0.109611 0.890389
-1 0.0843633 0.915637
-1 0.0957124 0.904288
-1 0.0948694 0.905131
-1 0.124414 0.875586
-1 0.0755786 0.924421
-1 0.0939428 0.906057
-1 0.10499 0.89501
-1 0.102814 0.897186
-1 0.092941 0.907059
-1 0.135771 0.864229
-1 0.153692 0.846308
-1 0.197107 0.802893
-1 0.0833522 0.916648
-1 0.19881 0.80119
-1 0.206367 0.793633
-1 0.338569 0.661431
-1 0.131499 0.868501
-1 0.130782 0.869218
-1 0.123784 0.876216
-1 0.117765 0.882235
-1 0.191022 0.808978
-1 0.205946 0.794054
-1 0.261371 0.738629
-1 0.102191 0.897809
-1 0.111973 0.888027
-1 0.0807794 0.919221
-1 0.0630787 0.936921
-1 0.142727 0.857273
-1 0.108408 0.891592
-1 0.082017 0.917983
-1 0.192722 0.807278
-1 0.206463 0.793537
-1 0.133176 0.866824
-1 0.0695546 0.930445
1 0.697602 0.302398
-1 0.173284 0.826716
-1 0.136934 0.863066
-1 0.0760351 0.923965
-1 0.163487 0.836513
-1 0.222239 0.777761
-1 0.190983 0.809017
-1 0.120322 0.879678
-1 0.0798213 0.920179
-1 0.128538 0.871462
-1 0.0846794 0.915321
-1 0.0891479 0.910852
-1 0.148091 0.851909
-1 0.100347 0.899653
-1 0.157597 0.842403
-1 0.132413 0.867587
-1 0.196417 0.803583
-1 0.132298 0.867702
-1 0.457942 0.542058
-1 0.352462 0.647538
1 0.988333 0.0116672
-1 0.242241 0.757759
-1 0.0698833 0.930117
-1 0.104842 0.895158
-1 0.0781289 0.921871
-1 0.0928734 0.907127
-1 0.155165 0.844835
-1 0.154479 0.845521
-1 0.117641 0.882359
1 0.724891 0.275109
-1 0.0927077 0.907292
-1 0.141195 0.858805
-1 0.119907 0.880093
-1 0.122872 0.877128
-1 0.113254 0.886746
-1 0.134703 0.865297
-1 0.065926 0.934074
-1 0.161966 0.838034
-1 0.180098 0.819902
-1 0.0942783 0.905722
-1 0.278874 0.721126
-1 0.0709117 0.929088
-1 0.17584 0.82416
-1 0.101852 0.898148
-1 0.101496 0.898504
-1 0.0903013 0.909699
-1 0.131745 0.868255
-1 0.23562 0.76438
-1 0.145094 0.854906
-1 0.0952487 0.904751
-1 0.124042 0.875958
-1 0.301614 0.698386
1 0.643745 0.356255
-1 0.0900775 0.909922
-1 0.0795137 0.920486
-1 0.193093 0.806907
-1 0.254648 0.745352
-1 0.055128 0.944872
-1 0.12347 0.87653
-1 0.0646726 0.935327
1 0.723893 0.276107
-1 0.0565651 0.943435
-1 0.0739884 0.926012
-1 0.187005 0.812995
-1 0.109496 0.890504
-1 0.255352 0.744648
1 0.67769 0.32231
-1 0.126983 0.873017
-1 0.281324 0.718676
-1 0.076997 0.923003
-1 0.106965 0.893035
-1 0.0761115 0.923889
-1 0.177634 0.822366
-1 0.490157 0.509843
-1 0.0622939 0.937706
-1 0.129499 0.870501
-1 0.126762 0.873238
-1 0.316869 0.683131
-1 0.445056 0.554944
-1 0.306216 0.693784
-1 0.0990123 0.900988
-1 0.077332 0.922668
-1 0.125362 0.874638
1 0.619712 0.380288
-1 0.0913093 0.908691
1 0.998537 0.00146302
-1 0.309276 0.690724
-1 0.0849071 0.915093
-1 0.104064 0.895936
-1 0.450688 0.549312
-1 0.0834467 0.916553
-1 0.299659 0.700341
-1 0.0835789 0.916421
-1 0.140113 0.859887
-1 0.0770478 0.922952
-1 0.0783566 0.921643
-1 0.177395 0.822605
-1 0.112826 0.887174
-1 0.128698 0.871302
-1 0.115965 0.884035
-1 0.157862 0.842138
-1 0.112092 0.887908
-1 0.199861 0.800139
-1 0.10043 0.89957
-1 0.138569 0.861431
-1 0.0234428 0.976557
-1 0.144816 0.855184
1 0.620896 0.379104
-1 0.129095 0.870905
-1 0.0790336 0.920966
-1 0.0660404 0.93396
-1 0.122747 0.877253
-1 0.0976994 0.902301
-1 0.183635 0.816365
-1 0.0812402 0.91876
-1 0.108353 0.891647
-1 0.110299 0.889701
-1 0.207632 0.792368
-1 0.0753968 0.924603
-1 0.0785044 0.921496
-1 0.195201 0.804799
-1 0.117521 0.882479
-1 0.126981 0.873019
-1 0.0682918 0.931708
-1 0.0746807 0.925319
-1 0.42943 0.57057
-1 0.349391 0.650609
-1 0.268184 0.731816
-1 0.169706 0.830294
-1 0.0831255 0.916875
-1 0.0899144 0.910086
-1 0.0926764 0.907324
-1 0.0935172 0.906483
-1 0.102306 0.897694
-1 0.0787596 0.92124
-1 0.106711 0.893289
-1 0.105265 0.894735
-1 0.124632 0.875368
-1 0.223789 0.776211
1 0.979807 0.0201926
-1 0.0583331 0.941667
-1 0.177822 0.822178
-1 0.138826 0.861174
-1 0.140406 0.859594
-1 0.207917 0.792083
-1 0.0579833 0.942017
1 0.963943 0.0360565
1 0.707745 0.292255
-1 0.155439 0.844561
-1 0.09837 0.90163
-1 0.0591352 0.940865
-1 0.284201 0.715799
1 0.901157 0.0988426
1 0.790631 0.209369
-1 0.0709957 0.929004
-1 0.105294 0.894706
-1 0.250239 0.749761
-1 0.0819354 0.918065
-1 0.0735479 0.926452
-1 0.0838773 0.916123
-1 0.11112 0.88888
-1 0.0986226 0.901377
-1 0.139471 0.860529
-1 0.1556 0.8444
-1 0.170524 0.829476
-1 0.08531 0.91469
-1 0.0795821 0.920418
-1 0.164757 0.835243
-1 0.104163 0.895837
-1 0.268676 0.731324
-1 0.0933398 0.90666
-1 0.0688439 0.931156
-1 0.0898656 0.910134
-1 0.207232 0.792768
-1 0.0886872 0.911313
-1 0.0805283 0.919472
-1 0.073796 0.926204
-1 0.0974937 0.902506
1 0.9388 0.0612001
-1 0.170709 0.829291
-1 0.0694057 0.930594
-1 0.227814 0.772186
-1 0.112811 0.887189
-1 0.078163 0.921837
-1 0.166223 0.833777
-1 0.120083 0.879917
1 0.989607 0.010393
-1 0.141311 0.858689
-1 0.123264 0.876736
1 0.822145 0.177855
-1 0.0828728 0.917127
-1 0.142024 0.857976
-1 0.0775921 0.922408
-1 0.113061 0.886939
-1 0.089068 0.910932
